175 0.578448 0.007689 0.102614 0.038859 0.056465 0.006284 0.004477 0.005575 0.142689 0.007656 0.011961 0.003762 0.012363 0.003028 0.003089 0.002931 0.002499 0.002645 0.002480 0.002153 0.002327 
21590 0.858466 0.139164 0.001144 0.000152 0.000143 0.000037 0.000040 0.000048 0.000468 0.000043 0.000036 0.000034 0.000038 0.000027 0.000025 0.000030 0.000021 0.000026 0.000023 0.000017 0.000020 
3641 0.020325 0.285956 0.562870 0.116140 0.002269 0.000709 0.002045 0.000831 0.003197 0.000860 0.000464 0.000689 0.000626 0.000395 0.000359 0.000399 0.000363 0.000382 0.000371 0.000326 0.000423 
14460 0.685674 0.310228 0.001760 0.000294 0.000439 0.000068 0.000073 0.000093 0.000756 0.000076 0.000062 0.000060 0.000078 0.000045 0.000042 0.000053 0.000040 0.000045 0.000044 0.000034 0.000034 
3694 0.582971 0.058451 0.308584 0.010819 0.009975 0.001918 0.003805 0.002279 0.003737 0.002865 0.001870 0.001528 0.002675 0.001272 0.001134 0.001360 0.000912 0.001146 0.000985 0.000792 0.000905 
744 0.012817 0.007769 0.012432 0.003157 0.003817 0.000645 0.302525 0.008023 0.550831 0.002356 0.000509 0.079470 0.002955 0.000408 0.000392 0.002200 0.000667 0.000404 0.000536 0.006402 0.001680 
7015 0.019549 0.022678 0.905984 0.039271 0.001018 0.000325 0.004981 0.000212 0.002335 0.000992 0.000451 0.000159 0.000171 0.000203 0.000087 0.001107 0.000082 0.000139 0.000085 0.000072 0.000099 
106337 0.977252 0.020382 0.000984 0.000108 0.000434 0.000030 0.000030 0.000042 0.000409 0.000042 0.000031 0.000027 0.000063 0.000023 0.000021 0.000027 0.000019 0.000022 0.000020 0.000015 0.000020 
225 0.001286 0.030204 0.001076 0.010989 0.023321 0.003490 0.002035 0.004344 0.003212 0.004626 0.006591 0.010121 0.875841 0.001957 0.004857 0.005192 0.001794 0.004775 0.002563 0.001066 0.000657 
3762 0.878343 0.021316 0.027421 0.018035 0.039747 0.001032 0.000599 0.000855 0.004298 0.000790 0.002756 0.000454 0.001174 0.000410 0.000383 0.000456 0.000389 0.000422 0.000372 0.000321 0.000425 
750 0.009949 0.006169 0.002470 0.001122 0.001124 0.000427 0.000460 0.026708 0.001498 0.006024 0.317057 0.046298 0.155068 0.259398 0.000331 0.066860 0.082397 0.000685 0.001017 0.014646 0.000289 
504 0.005887 0.045161 0.008227 0.002479 0.003526 0.001471 0.001809 0.016453 0.002408 0.877565 0.002272 0.001499 0.006615 0.000524 0.000771 0.001713 0.007595 0.000671 0.007186 0.005745 0.000421 
625 0.013330 0.009077 0.003818 0.001806 0.002328 0.016252 0.001474 0.002398 0.002182 0.003652 0.002293 0.004196 0.006843 0.006463 0.324055 0.070890 0.002387 0.238157 0.183563 0.023522 0.081311 
338 0.004717 0.789632 0.060862 0.031027 0.033602 0.003346 0.002438 0.003541 0.042072 0.003647 0.001836 0.002875 0.002967 0.001880 0.001581 0.005059 0.001622 0.001541 0.002566 0.001305 0.001884 
49 0.013547 0.270564 0.156072 0.060213 0.150739 0.019335 0.023844 0.033562 0.059232 0.026257 0.017944 0.026543 0.019536 0.015256 0.011255 0.014795 0.015006 0.019180 0.014476 0.014700 0.017940 
7221 0.000247 0.979665 0.007268 0.002718 0.001441 0.000338 0.000315 0.000461 0.004334 0.000407 0.000249 0.000553 0.000375 0.000193 0.000209 0.000208 0.000202 0.000186 0.000205 0.000181 0.000246 
1799 0.001071 0.012334 0.003137 0.002706 0.955519 0.002314 0.000393 0.000731 0.003725 0.001428 0.003286 0.001038 0.006707 0.001988 0.000436 0.001462 0.000296 0.000364 0.000326 0.000257 0.000480 
686 0.007198 0.030107 0.007912 0.019070 0.054935 0.010638 0.028544 0.007397 0.724784 0.006371 0.008525 0.026746 0.027271 0.006479 0.003103 0.008164 0.004057 0.002399 0.007445 0.005442 0.003415 
4361 0.015166 0.014361 0.103667 0.719119 0.008182 0.008057 0.043087 0.056528 0.003512 0.006617 0.000690 0.006258 0.004093 0.001319 0.000918 0.000950 0.002635 0.001019 0.002558 0.000855 0.000409 
2553 0.009383 0.022557 0.767712 0.185755 0.000333 0.000155 0.011380 0.000152 0.001482 0.000426 0.000068 0.000084 0.000083 0.000056 0.000055 0.000062 0.000051 0.000054 0.000054 0.000044 0.000055 
160 0.050000 0.108831 0.752427 0.055319 0.006840 0.001555 0.006611 0.000950 0.004207 0.002661 0.005051 0.000963 0.000622 0.000475 0.000288 0.000598 0.000407 0.000724 0.000420 0.000451 0.000599 
989 0.015817 0.900491 0.027359 0.016038 0.008829 0.001242 0.001020 0.001974 0.015407 0.001393 0.000758 0.002055 0.002401 0.000617 0.000644 0.000866 0.000640 0.000629 0.000617 0.000522 0.000682 
1019 0.007931 0.010193 0.002435 0.099585 0.003697 0.003269 0.147842 0.485010 0.005332 0.029544 0.002293 0.106072 0.001263 0.004831 0.006259 0.000929 0.073528 0.001403 0.000734 0.006477 0.001372 
407 0.012026 0.587623 0.134959 0.111894 0.036006 0.007801 0.004854 0.004936 0.056424 0.004368 0.009664 0.005837 0.004904 0.002419 0.002559 0.002627 0.002579 0.002012 0.002566 0.001704 0.002235 
3 0.014961 0.021138 0.019530 0.012292 0.019681 0.375548 0.007558 0.014577 0.044119 0.005916 0.021360 0.009142 0.014800 0.004352 0.138761 0.041921 0.007598 0.089536 0.064758 0.013887 0.058562 
24 0.008131 0.028400 0.003532 0.022345 0.059781 0.027896 0.039315 0.028839 0.024373 0.023141 0.023069 0.040385 0.050426 0.233975 0.031233 0.046711 0.035484 0.085468 0.092992 0.040781 0.053722 
775 0.016041 0.005400 0.011870 0.011301 0.095019 0.755262 0.002876 0.003421 0.003140 0.005121 0.007995 0.001417 0.001208 0.007865 0.019159 0.004981 0.001339 0.000985 0.001464 0.005547 0.038587 
3164 0.651299 0.049078 0.048215 0.004695 0.220460 0.001410 0.001017 0.001076 0.002430 0.001136 0.000978 0.001919 0.002218 0.000711 0.000478 0.007298 0.000584 0.000833 0.000693 0.003047 0.000415 
292 0.009546 0.012545 0.003089 0.005281 0.059097 0.029608 0.008363 0.010681 0.016638 0.034948 0.018187 0.020731 0.039887 0.008928 0.010046 0.595667 0.009381 0.011031 0.025259 0.065903 0.005183 
231 0.013448 0.014358 0.020986 0.024503 0.006124 0.004108 0.655267 0.048434 0.046555 0.024046 0.001911 0.088540 0.001678 0.005331 0.002598 0.001273 0.008435 0.000426 0.007271 0.022143 0.002561 
32 0.653061 0.148469 0.091780 0.038468 0.017015 0.007249 0.006759 0.006644 0.005527 0.003280 0.003191 0.002576 0.002527 0.002343 0.002257 0.001855 0.001666 0.001662 0.001344 0.001167 0.001159 
