12 0.578110 0.007732 0.102906 0.038976 0.056613 0.006305 0.004493 0.005594 0.142238 0.007655 0.011999 0.003767 0.012438 0.003039 0.003099 0.002936 0.002507 0.002640 0.002487 0.002127 0.002333 
3069 0.858218 0.139392 0.001152 0.000154 0.000144 0.000038 0.000041 0.000049 0.000469 0.000043 0.000037 0.000034 0.000038 0.000028 0.000025 0.000031 0.000021 0.000026 0.000023 0.000017 0.000020 
4929 0.020194 0.286252 0.562517 0.116395 0.002259 0.000705 0.002034 0.000826 0.003184 0.000855 0.000462 0.000686 0.000623 0.000393 0.000357 0.000398 0.000362 0.000380 0.000370 0.000325 0.000421 
33825 0.685543 0.310491 0.001704 0.000287 0.000424 0.000066 0.000072 0.000090 0.000730 0.000073 0.000060 0.000058 0.000076 0.000043 0.000041 0.000051 0.000038 0.000043 0.000042 0.000033 0.000033 
6796 0.606892 0.051451 0.298938 0.009504 0.008498 0.001637 0.003294 0.001945 0.003030 0.002348 0.001597 0.001305 0.002281 0.001087 0.000970 0.001160 0.000779 0.000977 0.000840 0.000681 0.000772 
2834 0.012350 0.007534 0.012053 0.003075 0.003715 0.000635 0.313545 0.007817 0.539830 0.002310 0.000494 0.080636 0.002862 0.000396 0.000380 0.002179 0.000655 0.000391 0.000520 0.006992 0.001626 
20253 0.019377 0.022544 0.906364 0.039261 0.001022 0.000328 0.004958 0.000210 0.002318 0.000987 0.000447 0.000157 0.000170 0.000201 0.000087 0.001097 0.000082 0.000138 0.000084 0.000072 0.000098 
155794 0.977281 0.020363 0.000981 0.000107 0.000433 0.000030 0.000030 0.000041 0.000406 0.000041 0.000031 0.000027 0.000063 0.000023 0.000021 0.000027 0.000019 0.000021 0.000020 0.000015 0.000020 
1064 0.001281 0.030161 0.001081 0.010975 0.023287 0.003485 0.002032 0.004344 0.003208 0.004623 0.006581 0.010106 0.875887 0.001967 0.004855 0.005208 0.001815 0.004777 0.002561 0.001109 0.000657 
4620 0.877578 0.021229 0.027338 0.017945 0.040794 0.001043 0.000596 0.000851 0.004284 0.000794 0.002743 0.000452 0.001176 0.000409 0.000387 0.000454 0.000387 0.000425 0.000370 0.000321 0.000422 
4038 0.009643 0.006004 0.002410 0.001097 0.001093 0.000416 0.000448 0.025962 0.001457 0.005846 0.318296 0.046973 0.151463 0.260309 0.000322 0.068659 0.082274 0.000667 0.000991 0.015386 0.000281 
1495 0.005837 0.044886 0.008133 0.002475 0.003501 0.001473 0.001863 0.016495 0.002397 0.877722 0.002258 0.001490 0.006578 0.000522 0.000770 0.001703 0.007619 0.000665 0.007148 0.006044 0.000420 
2301 0.013101 0.008961 0.003773 0.001784 0.002317 0.015995 0.001455 0.002364 0.002153 0.003602 0.002266 0.004222 0.006769 0.006379 0.323297 0.072057 0.002355 0.238201 0.183487 0.024214 0.081245 
81 0.004713 0.789661 0.060871 0.031029 0.033557 0.003343 0.002438 0.003542 0.042081 0.003647 0.001836 0.002876 0.002967 0.001881 0.001579 0.005060 0.001623 0.001539 0.002566 0.001305 0.001884 
38 0.013523 0.270614 0.156053 0.060210 0.150695 0.019333 0.023837 0.033565 0.059232 0.026259 0.017950 0.026546 0.019537 0.015258 0.011254 0.014812 0.015009 0.019208 0.014478 0.014681 0.017943 
26832 0.000246 0.979685 0.007247 0.002750 0.001436 0.000337 0.000315 0.000460 0.004322 0.000405 0.000248 0.000551 0.000374 0.000192 0.000208 0.000208 0.000201 0.000185 0.000204 0.000180 0.000245 
4823 0.001061 0.012309 0.003176 0.002700 0.955557 0.002323 0.000394 0.000729 0.003716 0.001425 0.003277 0.001035 0.006688 0.001983 0.000437 0.001458 0.000296 0.000366 0.000326 0.000262 0.000483 
1601 0.007178 0.030048 0.007899 0.019029 0.054791 0.010615 0.028495 0.007379 0.725199 0.006360 0.008506 0.026819 0.027210 0.006462 0.003096 0.008153 0.004048 0.002393 0.007432 0.005473 0.003413 
11424 0.014977 0.014269 0.102975 0.721532 0.008086 0.007976 0.042624 0.056127 0.003468 0.006526 0.000682 0.006183 0.004044 0.001303 0.000909 0.000938 0.002603 0.001007 0.002527 0.000837 0.000406 
7402 0.009305 0.022408 0.767669 0.186112 0.000329 0.000154 0.011319 0.000151 0.001470 0.000422 0.000067 0.000083 0.000083 0.000056 0.000055 0.000062 0.000050 0.000053 0.000053 0.000044 0.000055 
15 0.050006 0.108891 0.752447 0.055328 0.006753 0.001546 0.006606 0.000951 0.004206 0.002662 0.005055 0.000964 0.000623 0.000475 0.000284 0.000599 0.000407 0.000724 0.000420 0.000452 0.000599 
2517 0.015802 0.900466 0.027340 0.016126 0.008822 0.001241 0.001021 0.001972 0.015395 0.001392 0.000757 0.002053 0.002399 0.000617 0.000643 0.000865 0.000640 0.000628 0.000617 0.000522 0.000682 
3186 0.007825 0.010093 0.002413 0.098608 0.003655 0.003233 0.148479 0.485068 0.005273 0.029314 0.002269 0.106664 0.001257 0.004776 0.006189 0.000922 0.073935 0.001388 0.000725 0.006556 0.001357 
829 0.012001 0.587711 0.134839 0.112111 0.035970 0.007793 0.004857 0.004931 0.056363 0.004364 0.009654 0.005832 0.004899 0.002417 0.002552 0.002624 0.002576 0.002009 0.002563 0.001702 0.002232 
1 0.014928 0.021156 0.019547 0.012294 0.019681 0.375641 0.007555 0.014580 0.044127 0.005918 0.021366 0.009122 0.014803 0.004349 0.138795 0.041931 0.007590 0.089550 0.064758 0.013738 0.058569 
170 0.008080 0.028488 0.003411 0.022365 0.059478 0.025226 0.039429 0.028929 0.024447 0.023194 0.023139 0.040575 0.050586 0.234720 0.031253 0.046990 0.035604 0.085750 0.093299 0.041225 0.053813 
2985 0.006540 0.004935 0.011972 0.011446 0.090868 0.767943 0.002941 0.003429 0.003150 0.005172 0.008016 0.001419 0.001209 0.007885 0.019540 0.004984 0.001342 0.000987 0.001467 0.005701 0.039051 
484 0.656481 0.049351 0.048351 0.004708 0.225415 0.001396 0.001011 0.001052 0.002385 0.001054 0.000847 0.001616 0.002016 0.000647 0.000451 0.000946 0.000419 0.000758 0.000427 0.000301 0.000357 
