35 0.578091 0.007707 0.102842 0.038957 0.056598 0.006305 0.004489 0.005595 0.142197 0.007665 0.012012 0.003784 0.012439 0.003113 0.003099 0.002958 0.002508 0.002640 0.002487 0.002177 0.002332 
6234 0.858329 0.139283 0.001151 0.000154 0.000144 0.000038 0.000041 0.000049 0.000469 0.000043 0.000037 0.000034 0.000038 0.000028 0.000025 0.000031 0.000021 0.000026 0.000023 0.000017 0.000020 
2548 0.020354 0.285580 0.562647 0.116670 0.002277 0.000712 0.002040 0.000837 0.003193 0.000863 0.000467 0.000695 0.000631 0.000397 0.000360 0.000402 0.000365 0.000384 0.000373 0.000328 0.000425 
3285 0.684980 0.310861 0.001783 0.000301 0.000442 0.000070 0.000076 0.000095 0.000762 0.000078 0.000064 0.000062 0.000081 0.000046 0.000043 0.000054 0.000041 0.000046 0.000045 0.000035 0.000035 
4884 0.606156 0.049601 0.295163 0.010996 0.009345 0.001751 0.003930 0.002328 0.003285 0.002708 0.001885 0.001567 0.002825 0.001264 0.001079 0.001387 0.000914 0.001080 0.000927 0.000940 0.000852 
2275 0.012422 0.007545 0.012009 0.003073 0.003731 0.000634 0.305233 0.008406 0.541258 0.002310 0.000500 0.086719 0.002880 0.000401 0.000392 0.002149 0.000716 0.000394 0.000523 0.007067 0.001634 
12658 0.019470 0.022599 0.906185 0.039270 0.001023 0.000330 0.004957 0.000212 0.002321 0.000984 0.000449 0.000158 0.000171 0.000202 0.000087 0.001103 0.000083 0.000138 0.000084 0.000075 0.000099 
130593 0.977347 0.020284 0.000984 0.000108 0.000440 0.000030 0.000030 0.000041 0.000406 0.000042 0.000031 0.000027 0.000063 0.000023 0.000021 0.000027 0.000019 0.000022 0.000020 0.000015 0.000020 
1898 0.001284 0.030111 0.001076 0.010960 0.023251 0.003480 0.002029 0.004362 0.003202 0.004614 0.006571 0.010090 0.875998 0.001964 0.004847 0.005193 0.001864 0.004795 0.002564 0.001087 0.000657 
5046 0.877653 0.021101 0.027352 0.017946 0.040630 0.001037 0.000596 0.000851 0.004285 0.000791 0.002767 0.000474 0.001227 0.000438 0.000388 0.000480 0.000388 0.000438 0.000371 0.000356 0.000429 
7385 0.009373 0.005831 0.002334 0.001063 0.001066 0.000405 0.000435 0.025359 0.001415 0.005692 0.317516 0.050455 0.147934 0.258976 0.000313 0.069396 0.084491 0.000650 0.000962 0.016058 0.000273 
1931 0.005833 0.044754 0.008057 0.002456 0.003494 0.001472 0.001799 0.016779 0.002392 0.877661 0.002253 0.001486 0.006588 0.000524 0.000771 0.001707 0.007736 0.000671 0.007130 0.006011 0.000423 
3186 0.013018 0.008891 0.003748 0.001771 0.002328 0.015861 0.001445 0.002347 0.002135 0.003586 0.002248 0.004242 0.006747 0.006344 0.323146 0.072490 0.002340 0.238850 0.182833 0.025274 0.080354 
228 0.004713 0.789667 0.060870 0.031039 0.033545 0.003344 0.002440 0.003544 0.042075 0.003647 0.001836 0.002876 0.002968 0.001881 0.001579 0.005059 0.001623 0.001539 0.002566 0.001305 0.001884 
14 0.013528 0.270609 0.156056 0.060215 0.150709 0.019330 0.023844 0.033571 0.059241 0.026259 0.017949 0.026551 0.019543 0.015261 0.011253 0.014804 0.015010 0.019178 0.014477 0.014668 0.017945 
18732 0.000246 0.979651 0.007254 0.002768 0.001437 0.000337 0.000315 0.000461 0.004325 0.000406 0.000249 0.000552 0.000374 0.000192 0.000208 0.000208 0.000201 0.000185 0.000204 0.000180 0.000246 
7839 0.001057 0.012257 0.003177 0.002695 0.955508 0.002487 0.000392 0.000728 0.003705 0.001424 0.003268 0.001033 0.006670 0.001977 0.000437 0.001454 0.000295 0.000366 0.000325 0.000264 0.000483 
1183 0.007176 0.030066 0.007905 0.019049 0.054850 0.010626 0.028508 0.007388 0.724968 0.006363 0.008516 0.026860 0.027238 0.006469 0.003100 0.008167 0.004055 0.002396 0.007441 0.005448 0.003412 
8265 0.015053 0.014444 0.103200 0.720223 0.008121 0.008001 0.042726 0.056639 0.003485 0.006519 0.000686 0.006230 0.004074 0.001310 0.000913 0.000944 0.002621 0.001012 0.002540 0.000851 0.000408 
2779 0.009375 0.022566 0.767696 0.185792 0.000334 0.000155 0.011358 0.000152 0.001479 0.000425 0.000068 0.000084 0.000084 0.000057 0.000055 0.000063 0.000051 0.000054 0.000054 0.000045 0.000055 
2734 0.015805 0.900419 0.027343 0.016157 0.008824 0.001241 0.001020 0.001974 0.015398 0.001392 0.000758 0.002054 0.002400 0.000617 0.000643 0.000865 0.000640 0.000628 0.000617 0.000522 0.000682 
2334 0.007884 0.010159 0.002429 0.099106 0.003686 0.003259 0.146889 0.486358 0.005312 0.029392 0.002286 0.105879 0.001261 0.004815 0.006238 0.000928 0.074149 0.001399 0.000731 0.006471 0.001367 
2907 0.014578 0.020604 0.019201 0.012061 0.020295 0.388014 0.007433 0.014202 0.042996 0.005784 0.020813 0.008921 0.014425 0.004238 0.135738 0.040893 0.007394 0.087234 0.063110 0.014131 0.057934 
