65 0.578145 0.007723 0.102812 0.038933 0.056606 0.006298 0.004488 0.005587 0.142387 0.007675 0.011986 0.003762 0.012398 0.003034 0.003101 0.002935 0.002504 0.002647 0.002485 0.002154 0.002333 
28713 0.858515 0.139125 0.001139 0.000152 0.000142 0.000037 0.000040 0.000048 0.000465 0.000042 0.000036 0.000033 0.000038 0.000027 0.000024 0.000030 0.000021 0.000026 0.000023 0.000017 0.000020 
20437 0.019348 0.289681 0.561829 0.115137 0.002141 0.000668 0.001968 0.000787 0.003097 0.000820 0.000437 0.000649 0.000590 0.000372 0.000338 0.000377 0.000342 0.000360 0.000350 0.000308 0.000399 
123534 0.685742 0.310703 0.001547 0.000250 0.000365 0.000057 0.000063 0.000078 0.000681 0.000064 0.000052 0.000050 0.000066 0.000037 0.000035 0.000045 0.000033 0.000037 0.000037 0.000028 0.000029 
20923 0.595505 0.054256 0.323647 0.005929 0.005109 0.000954 0.002015 0.001170 0.002358 0.001627 0.000951 0.000777 0.001364 0.000647 0.000570 0.000692 0.000464 0.000583 0.000501 0.000415 0.000461 
1594 0.012676 0.007737 0.012432 0.003150 0.003773 0.000637 0.299767 0.007916 0.554056 0.002325 0.000502 0.079627 0.002916 0.000403 0.000387 0.002170 0.000658 0.000398 0.000529 0.006266 0.001669 
32516 0.019263 0.022460 0.906627 0.039188 0.001029 0.000323 0.004962 0.000208 0.002340 0.000992 0.000443 0.000156 0.000168 0.000199 0.000085 0.001087 0.000081 0.000136 0.000083 0.000073 0.000097 
338718 0.977374 0.020322 0.000958 0.000104 0.000422 0.000029 0.000029 0.000040 0.000402 0.000041 0.000030 0.000026 0.000061 0.000022 0.000020 0.000026 0.000019 0.000021 0.000019 0.000015 0.000019 
1003 0.001281 0.030166 0.001081 0.010976 0.023293 0.003485 0.002034 0.004346 0.003207 0.004624 0.006582 0.010107 0.875901 0.001971 0.004858 0.005189 0.001806 0.004785 0.002568 0.001083 0.000657 
508 0.878501 0.021521 0.027742 0.018309 0.038552 0.001029 0.000608 0.000869 0.004365 0.000813 0.002799 0.000461 0.001201 0.000417 0.000389 0.000464 0.000395 0.000429 0.000378 0.000328 0.000431 
3158 0.009740 0.006053 0.002427 0.001103 0.001099 0.000419 0.000451 0.026203 0.001470 0.005912 0.321325 0.046382 0.152416 0.260372 0.000324 0.065757 0.082155 0.000671 0.000996 0.014439 0.000283 
2216 0.005910 0.044804 0.008324 0.002574 0.003510 0.001474 0.001797 0.016557 0.002386 0.877577 0.002249 0.001483 0.006614 0.000539 0.000795 0.001695 0.007561 0.000661 0.007111 0.005950 0.000428 
3064 0.013023 0.008898 0.003746 0.001771 0.002282 0.015889 0.001457 0.002348 0.002139 0.003681 0.002245 0.004202 0.006748 0.006326 0.325182 0.069427 0.002344 0.238440 0.184604 0.023573 0.081671 
35 0.004715 0.789660 0.060874 0.031028 0.033550 0.003343 0.002438 0.003543 0.042084 0.003648 0.001836 0.002876 0.002968 0.001881 0.001579 0.005060 0.001623 0.001539 0.002566 0.001305 0.001884 
8 0.013537 0.270618 0.156053 0.060212 0.150701 0.019329 0.023841 0.033571 0.059242 0.026260 0.017953 0.026550 0.019540 0.015269 0.011250 0.014806 0.015014 0.019176 0.014476 0.014655 0.017945 
40350 0.000245 0.979698 0.007257 0.002746 0.001432 0.000336 0.000314 0.000459 0.004318 0.000405 0.000248 0.000550 0.000373 0.000192 0.000208 0.000207 0.000200 0.000185 0.000204 0.000180 0.000245 
5001 0.001061 0.012302 0.003180 0.002699 0.955569 0.002327 0.000392 0.000729 0.003720 0.001425 0.003277 0.001035 0.006686 0.001983 0.000438 0.001458 0.000295 0.000363 0.000325 0.000256 0.000482 
2435 0.007162 0.030033 0.007915 0.019011 0.054682 0.010591 0.028456 0.007364 0.725807 0.006345 0.008488 0.026662 0.027157 0.006448 0.003090 0.008126 0.004039 0.002388 0.007413 0.005418 0.003405 
20509 0.014773 0.014039 0.102007 0.723896 0.007966 0.007859 0.042361 0.055825 0.003432 0.006727 0.000672 0.006088 0.003982 0.001283 0.000895 0.000924 0.002563 0.000991 0.002488 0.000831 0.000398 
16711 0.009192 0.022150 0.768003 0.186284 0.000325 0.000151 0.011209 0.000149 0.001466 0.000421 0.000066 0.000082 0.000081 0.000055 0.000054 0.000061 0.000050 0.000052 0.000052 0.000043 0.000054 
26 0.050013 0.108889 0.752449 0.055326 0.006759 0.001544 0.006604 0.000951 0.004206 0.002663 0.005054 0.000963 0.000623 0.000475 0.000284 0.000599 0.000407 0.000724 0.000420 0.000447 0.000599 
2347 0.015807 0.900488 0.027348 0.016085 0.008825 0.001241 0.001020 0.001972 0.015398 0.001392 0.000757 0.002054 0.002399 0.000617 0.000643 0.000865 0.000640 0.000628 0.000617 0.000522 0.000682 
3987 0.007803 0.010052 0.002402 0.098613 0.003639 0.003219 0.146386 0.487655 0.005255 0.029291 0.002259 0.106343 0.001251 0.004756 0.006163 0.000916 0.074104 0.001382 0.000722 0.006438 0.001353 
354 0.012015 0.587634 0.134987 0.111847 0.036009 0.007803 0.004857 0.004936 0.056435 0.004369 0.009666 0.005838 0.004905 0.002420 0.002555 0.002628 0.002579 0.002012 0.002566 0.001705 0.002235 
1 0.014944 0.021155 0.019543 0.012292 0.019679 0.375642 0.007555 0.014580 0.044126 0.005920 0.021365 0.009122 0.014803 0.004349 0.138797 0.041930 0.007590 0.089550 0.064758 0.013731 0.058569 
7 0.008094 0.028505 0.003411 0.022379 0.059513 0.025241 0.039448 0.028948 0.024463 0.023209 0.023155 0.040539 0.050619 0.234884 0.031274 0.046889 0.035619 0.085794 0.093347 0.040832 0.053837 
4658 0.006718 0.004912 0.012061 0.011449 0.091028 0.767759 0.002911 0.003404 0.003155 0.005193 0.007956 0.001409 0.001202 0.007826 0.019723 0.004946 0.001332 0.000981 0.001456 0.005700 0.038877 
7199 0.661877 0.043568 0.041953 0.003818 0.235568 0.001237 0.000845 0.000852 0.002002 0.000896 0.000685 0.001317 0.001688 0.000523 0.000377 0.000768 0.000340 0.000681 0.000405 0.000276 0.000318 
1120 0.009474 0.012484 0.003047 0.005224 0.058775 0.029433 0.006985 0.010566 0.016539 0.034751 0.018285 0.020686 0.039721 0.008958 0.009990 0.597414 0.009374 0.010999 0.025396 0.066731 0.005166 
4898 0.012347 0.013461 0.019930 0.023306 0.005762 0.003814 0.667029 0.048376 0.044207 0.023141 0.001795 0.086905 0.001573 0.005006 0.002452 0.001196 0.007967 0.000400 0.006830 0.022025 0.002473 
1 0.006441 0.388448 0.114377 0.033413 0.124000 0.012676 0.011144 0.013575 0.172190 0.018801 0.010364 0.017767 0.024574 0.006440 0.006235 0.007638 0.006956 0.006393 0.005856 0.006075 0.006637 
61 0.007664 0.101499 0.061957 0.031803 0.525931 0.018348 0.009519 0.016284 0.036669 0.011729 0.062957 0.017429 0.030165 0.007408 0.007880 0.009622 0.007135 0.007906 0.007620 0.008633 0.011839 
219 0.042315 0.018960 0.008309 0.002589 0.797491 0.040069 0.000990 0.000901 0.024901 0.002235 0.006803 0.003639 0.016847 0.003276 0.000905 0.025703 0.000460 0.000540 0.001335 0.000660 0.001069 
7 0.010524 0.004597 0.003384 0.001243 0.000883 0.000415 0.000794 0.053153 0.000935 0.192608 0.252722 0.036830 0.124484 0.186295 0.000393 0.038106 0.066088 0.000547 0.000304 0.025431 0.000260 
