37 0.578121 0.007732 0.102881 0.038957 0.056609 0.006318 0.004491 0.005597 0.142262 0.007648 0.011993 0.003770 0.012394 0.003037 0.003098 0.002944 0.002510 0.002640 0.002487 0.002153 0.002353 
1764 0.858193 0.139414 0.001154 0.000154 0.000144 0.000038 0.000041 0.000049 0.000470 0.000043 0.000037 0.000034 0.000038 0.000028 0.000025 0.000031 0.000021 0.000026 0.000023 0.000017 0.000020 
4607 0.020240 0.286048 0.562702 0.116337 0.002263 0.000706 0.002040 0.000828 0.003196 0.000856 0.000462 0.000686 0.000624 0.000393 0.000358 0.000398 0.000362 0.000381 0.000370 0.000325 0.000422 
32912 0.685752 0.310260 0.001713 0.000289 0.000435 0.000066 0.000071 0.000090 0.000729 0.000074 0.000060 0.000058 0.000076 0.000043 0.000041 0.000051 0.000038 0.000043 0.000042 0.000033 0.000033 
5894 0.588846 0.052363 0.311701 0.011546 0.009060 0.001689 0.003768 0.002035 0.003444 0.002416 0.001668 0.001399 0.002376 0.001135 0.001000 0.001225 0.000814 0.001023 0.000879 0.000791 0.000808 
2178 0.012530 0.007602 0.012231 0.003104 0.003751 0.000649 0.309177 0.007870 0.544146 0.002360 0.000499 0.079956 0.002891 0.000400 0.000385 0.002166 0.000654 0.000395 0.000525 0.007047 0.001657 
15659 0.019435 0.022590 0.906131 0.039322 0.001037 0.000328 0.004995 0.000211 0.002326 0.000987 0.000448 0.000158 0.000170 0.000202 0.000086 0.001100 0.000082 0.000138 0.000084 0.000073 0.000098 
104974 0.977170 0.020458 0.000986 0.000108 0.000436 0.000030 0.000030 0.000042 0.000409 0.000042 0.000031 0.000027 0.000063 0.000023 0.000021 0.000027 0.000019 0.000022 0.000020 0.000015 0.000020 
631 0.001277 0.030184 0.001080 0.010983 0.023304 0.003488 0.002034 0.004345 0.003209 0.004623 0.006586 0.010114 0.875879 0.001958 0.004855 0.005193 0.001811 0.004780 0.002564 0.001077 0.000657 
5293 0.876263 0.021329 0.027288 0.017856 0.042204 0.001019 0.000602 0.000847 0.004269 0.000785 0.002726 0.000449 0.001171 0.000406 0.000393 0.000453 0.000385 0.000436 0.000369 0.000328 0.000420 
2473 0.009774 0.006094 0.002452 0.001110 0.001113 0.000422 0.000454 0.026318 0.001477 0.005925 0.317512 0.046441 0.153280 0.259567 0.000326 0.068058 0.082731 0.000676 0.001003 0.014979 0.000285 
1092 0.005834 0.044989 0.008122 0.002477 0.003508 0.001486 0.001823 0.016529 0.002397 0.877671 0.002263 0.001493 0.006593 0.000524 0.000793 0.001707 0.007636 0.000666 0.007160 0.005908 0.000419 
2335 0.013116 0.008957 0.003772 0.001784 0.002321 0.016013 0.001457 0.002368 0.002159 0.003620 0.002262 0.004180 0.006772 0.006370 0.323256 0.071762 0.002352 0.238515 0.183594 0.024371 0.080995 
57 0.004712 0.789661 0.060872 0.031028 0.033556 0.003343 0.002438 0.003543 0.042081 0.003648 0.001836 0.002876 0.002968 0.001881 0.001579 0.005060 0.001623 0.001539 0.002566 0.001305 0.001884 
2 0.013521 0.270631 0.156056 0.060216 0.150710 0.019331 0.023842 0.033573 0.059244 0.026260 0.017949 0.026551 0.019543 0.015261 0.011251 0.014800 0.015012 0.019177 0.014477 0.014648 0.017946 
19295 0.000246 0.979690 0.007252 0.002730 0.001438 0.000337 0.000315 0.000461 0.004326 0.000406 0.000249 0.000552 0.000374 0.000192 0.000208 0.000208 0.000201 0.000185 0.000204 0.000180 0.000246 
7159 0.001062 0.012373 0.003192 0.002696 0.955522 0.002345 0.000392 0.000727 0.003709 0.001422 0.003270 0.001032 0.006672 0.001978 0.000435 0.001455 0.000295 0.000364 0.000324 0.000256 0.000480 
1061 0.007175 0.030084 0.007912 0.019057 0.054873 0.010628 0.028525 0.007389 0.725026 0.006364 0.008519 0.026713 0.027246 0.006470 0.003100 0.008156 0.004053 0.002396 0.007438 0.005460 0.003413 
9027 0.015050 0.014289 0.103168 0.720584 0.008118 0.008002 0.042944 0.056279 0.003483 0.006546 0.000685 0.006208 0.004063 0.001309 0.000915 0.000943 0.002613 0.001012 0.002537 0.000846 0.000406 
5625 0.009334 0.022460 0.767763 0.185908 0.000331 0.000156 0.011339 0.000151 0.001474 0.000423 0.000067 0.000083 0.000083 0.000056 0.000055 0.000062 0.000050 0.000054 0.000053 0.000043 0.000055 
2 0.050003 0.108896 0.752448 0.055331 0.006754 0.001544 0.006605 0.000951 0.004206 0.002662 0.005055 0.000964 0.000623 0.000475 0.000284 0.000599 0.000407 0.000725 0.000420 0.000447 0.000599 
2242 0.015804 0.900461 0.027342 0.016112 0.008832 0.001241 0.001020 0.001972 0.015398 0.001392 0.000758 0.002054 0.002399 0.000617 0.000643 0.000865 0.000640 0.000628 0.000617 0.000522 0.000682 
2578 0.007852 0.010121 0.002421 0.098869 0.003671 0.003244 0.148513 0.485251 0.005289 0.029393 0.002273 0.106165 0.001254 0.004793 0.006212 0.000924 0.073700 0.001392 0.000728 0.006568 0.001367 
260 0.012015 0.587616 0.135007 0.111804 0.036022 0.007805 0.004859 0.004936 0.056444 0.004370 0.009668 0.005839 0.004907 0.002421 0.002556 0.002628 0.002580 0.002014 0.002567 0.001707 0.002237 
1 0.014917 0.021154 0.019543 0.012294 0.019688 0.375657 0.007555 0.014578 0.044122 0.005920 0.021362 0.009120 0.014801 0.004348 0.138804 0.041924 0.007589 0.089536 0.064748 0.013753 0.058584 
85 0.008077 0.028494 0.003411 0.022370 0.059490 0.025231 0.039441 0.028936 0.024452 0.023198 0.023145 0.040558 0.050598 0.234766 0.031264 0.046961 0.035607 0.085758 0.093310 0.041102 0.053829 
2709 0.006558 0.004944 0.011972 0.011440 0.091088 0.767647 0.002931 0.003434 0.003159 0.005168 0.008027 0.001434 0.001211 0.007896 0.019589 0.004990 0.001344 0.000989 0.001470 0.005671 0.039039 
1131 0.655760 0.049278 0.048392 0.004702 0.226172 0.001401 0.001011 0.001051 0.002380 0.001070 0.000845 0.001613 0.002012 0.000645 0.000443 0.000945 0.000419 0.000765 0.000426 0.000301 0.000357 
