21 0.578197 0.007742 0.102890 0.038970 0.056601 0.006303 0.004492 0.005593 0.142233 0.007653 0.011996 0.003766 0.012396 0.003037 0.003098 0.002935 0.002507 0.002640 0.002487 0.002127 0.002332 
9365 0.858274 0.139344 0.001149 0.000154 0.000144 0.000037 0.000041 0.000049 0.000468 0.000043 0.000036 0.000034 0.000038 0.000028 0.000025 0.000030 0.000021 0.000026 0.000023 0.000017 0.000020 
19411 0.019364 0.289480 0.561355 0.115777 0.002164 0.000670 0.001981 0.000786 0.003067 0.000816 0.000439 0.000652 0.000592 0.000373 0.000339 0.000378 0.000344 0.000362 0.000351 0.000309 0.000400 
131759 0.685858 0.310665 0.001509 0.000250 0.000375 0.000056 0.000063 0.000077 0.000642 0.000063 0.000051 0.000049 0.000065 0.000037 0.000035 0.000044 0.000033 0.000037 0.000036 0.000028 0.000028 
18690 0.613834 0.048087 0.309725 0.006301 0.005578 0.001009 0.002239 0.001266 0.002310 0.001660 0.001017 0.000830 0.001484 0.000691 0.000608 0.000739 0.000496 0.000622 0.000535 0.000468 0.000492 
2104 0.012497 0.007653 0.012321 0.003097 0.003740 0.000632 0.298459 0.007842 0.554740 0.002308 0.000499 0.080870 0.002893 0.000400 0.000384 0.002158 0.000653 0.000395 0.000525 0.006291 0.001639 
43603 0.019118 0.022328 0.906924 0.039227 0.001057 0.000329 0.004928 0.000207 0.002309 0.000985 0.000440 0.000155 0.000168 0.000198 0.000084 0.001079 0.000080 0.000135 0.000083 0.000072 0.000096 
320216 0.977404 0.020290 0.000959 0.000105 0.000425 0.000029 0.000029 0.000040 0.000400 0.000041 0.000030 0.000026 0.000061 0.000022 0.000020 0.000027 0.000019 0.000021 0.000019 0.000015 0.000020 
1307 0.001277 0.030152 0.001079 0.010969 0.023278 0.003484 0.002032 0.004344 0.003205 0.004625 0.006578 0.010101 0.875919 0.001970 0.004861 0.005187 0.001829 0.004798 0.002563 0.001094 0.000656 
376 0.878496 0.021523 0.027757 0.018326 0.038521 0.001030 0.000609 0.000869 0.004363 0.000815 0.002801 0.000461 0.001198 0.000417 0.000389 0.000464 0.000395 0.000429 0.000378 0.000326 0.000431 
4590 0.009601 0.005984 0.002406 0.001097 0.001087 0.000414 0.000446 0.025899 0.001450 0.005861 0.322556 0.046658 0.150839 0.261580 0.000320 0.065120 0.082443 0.000663 0.000984 0.014310 0.000279 
2750 0.005860 0.044623 0.008379 0.002511 0.003530 0.001485 0.001809 0.016603 0.002378 0.877581 0.002240 0.001478 0.006615 0.000535 0.000798 0.001690 0.007603 0.000659 0.007088 0.006116 0.000418 
2877 0.013054 0.008950 0.003760 0.001781 0.002310 0.015915 0.001453 0.002358 0.002142 0.003667 0.002248 0.004143 0.006792 0.006336 0.323769 0.069561 0.002341 0.239057 0.184762 0.024012 0.081585 
87 0.004713 0.789662 0.060871 0.031028 0.033558 0.003343 0.002438 0.003542 0.042080 0.003647 0.001836 0.002876 0.002968 0.001881 0.001579 0.005060 0.001623 0.001539 0.002566 0.001305 0.001884 
30 0.013522 0.270611 0.156056 0.060212 0.150714 0.019333 0.023842 0.033571 0.059238 0.026259 0.017946 0.026547 0.019538 0.015258 0.011259 0.014796 0.015008 0.019181 0.014474 0.014679 0.017956 
59278 0.000244 0.979735 0.007229 0.002771 0.001429 0.000335 0.000313 0.000457 0.004303 0.000403 0.000247 0.000548 0.000372 0.000191 0.000207 0.000206 0.000200 0.000184 0.000203 0.000179 0.000244 
5733 0.001059 0.012321 0.003222 0.002698 0.955514 0.002331 0.000392 0.000728 0.003717 0.001427 0.003274 0.001034 0.006683 0.001981 0.000437 0.001456 0.000295 0.000365 0.000325 0.000258 0.000482 
2420 0.007154 0.030020 0.007899 0.018999 0.054691 0.010592 0.028451 0.007365 0.725781 0.006346 0.008489 0.026689 0.027153 0.006449 0.003090 0.008128 0.004039 0.002388 0.007416 0.005450 0.003412 
28808 0.014578 0.013974 0.101330 0.726578 0.007871 0.007782 0.041739 0.055296 0.003375 0.006603 0.000662 0.006007 0.003930 0.001266 0.000890 0.000911 0.002529 0.000978 0.002454 0.000853 0.000394 
22877 0.009100 0.021985 0.768092 0.186618 0.000324 0.000150 0.011084 0.000147 0.001438 0.000416 0.000065 0.000081 0.000081 0.000054 0.000053 0.000060 0.000049 0.000052 0.000052 0.000043 0.000053 
103 0.049991 0.108854 0.752443 0.055323 0.006817 0.001552 0.006604 0.000950 0.004205 0.002660 0.005052 0.000963 0.000623 0.000475 0.000284 0.000598 0.000407 0.000724 0.000420 0.000454 0.000599 
4221 0.015791 0.900489 0.027320 0.016156 0.008820 0.001240 0.001021 0.001971 0.015387 0.001391 0.000757 0.002052 0.002397 0.000616 0.000643 0.000864 0.000639 0.000628 0.000616 0.000521 0.000681 
5362 0.007733 0.009983 0.002394 0.098028 0.003613 0.003196 0.145757 0.488400 0.005213 0.029226 0.002247 0.106898 0.001242 0.004728 0.006125 0.000910 0.074386 0.001372 0.000717 0.006490 0.001341 
307 0.012012 0.587632 0.135000 0.111832 0.036012 0.007804 0.004853 0.004936 0.056436 0.004370 0.009667 0.005838 0.004905 0.002420 0.002555 0.002628 0.002579 0.002012 0.002567 0.001705 0.002235 
1 0.014925 0.021161 0.019549 0.012295 0.019680 0.375645 0.007556 0.014580 0.044126 0.005917 0.021365 0.009122 0.014803 0.004349 0.138795 0.041930 0.007590 0.089550 0.064758 0.013731 0.058569 
1 0.008084 0.028509 0.003413 0.022381 0.059510 0.025241 0.039449 0.028949 0.024462 0.023210 0.023156 0.040540 0.050617 0.234877 0.031275 0.046889 0.035620 0.085796 0.093350 0.040830 0.053839 
4625 0.006639 0.004923 0.012467 0.011513 0.091442 0.766962 0.002944 0.003404 0.003145 0.005188 0.007957 0.001411 0.001201 0.007827 0.019478 0.004948 0.001332 0.000981 0.001457 0.005883 0.038898 
13124 0.663536 0.040361 0.038209 0.003323 0.243034 0.001233 0.000746 0.000734 0.001811 0.000773 0.000590 0.001127 0.001429 0.000450 0.000309 0.000680 0.000292 0.000551 0.000306 0.000248 0.000250 
1766 0.009424 0.012431 0.003045 0.005206 0.058537 0.029306 0.006964 0.010530 0.016477 0.034601 0.018262 0.020778 0.039638 0.008980 0.009947 0.597480 0.009438 0.010972 0.025472 0.067357 0.005153 
6144 0.012158 0.013257 0.019703 0.022850 0.005680 0.003784 0.669969 0.048217 0.043668 0.022731 0.001767 0.086366 0.001549 0.004930 0.002408 0.001178 0.007832 0.000394 0.006727 0.022408 0.002422 
12 0.007672 0.101507 0.061940 0.031802 0.525932 0.018346 0.009520 0.016288 0.036670 0.011730 0.062965 0.017431 0.030171 0.007412 0.007873 0.009623 0.007136 0.007907 0.007621 0.008621 0.011835 
11 0.651517 0.149124 0.092381 0.038789 0.016931 0.007219 0.006836 0.006651 0.005527 0.003300 0.003198 0.002578 0.002521 0.002346 0.002244 0.001858 0.001665 0.001655 0.001341 0.001171 0.001149 
