130 0.578373 0.007727 0.102721 0.038891 0.056511 0.006305 0.004491 0.005596 0.142458 0.007676 0.011971 0.003767 0.012372 0.003031 0.003092 0.002929 0.002501 0.002634 0.002482 0.002139 0.002327 
8070 0.858281 0.139336 0.001149 0.000154 0.000143 0.000038 0.000041 0.000049 0.000468 0.000043 0.000036 0.000034 0.000038 0.000028 0.000025 0.000030 0.000021 0.000026 0.000023 0.000017 0.000020 
17686 0.019523 0.289134 0.561552 0.115727 0.002158 0.000674 0.001976 0.000793 0.003079 0.000818 0.000441 0.000655 0.000596 0.000376 0.000341 0.000380 0.000346 0.000364 0.000353 0.000310 0.000403 
87724 0.686395 0.309936 0.001596 0.000264 0.000382 0.000060 0.000067 0.000082 0.000674 0.000068 0.000055 0.000053 0.000070 0.000040 0.000037 0.000047 0.000035 0.000039 0.000039 0.000030 0.000030 
16015 0.607605 0.046485 0.314838 0.007143 0.006063 0.001118 0.002499 0.001363 0.002455 0.001779 0.001106 0.000904 0.001592 0.000752 0.000663 0.000804 0.000539 0.000678 0.000583 0.000486 0.000536 
2818 0.012249 0.007546 0.012086 0.003058 0.003656 0.000624 0.312589 0.007775 0.541671 0.002299 0.000488 0.080610 0.002832 0.000391 0.000376 0.002107 0.000639 0.000387 0.000514 0.006501 0.001598 
30995 0.019259 0.022453 0.906489 0.039362 0.001025 0.000324 0.004957 0.000209 0.002320 0.000992 0.000444 0.000156 0.000169 0.000200 0.000085 0.001089 0.000081 0.000136 0.000083 0.000072 0.000097 
295485 0.977454 0.020225 0.000965 0.000105 0.000427 0.000029 0.000030 0.000040 0.000404 0.000041 0.000030 0.000026 0.000062 0.000022 0.000020 0.000027 0.000019 0.000021 0.000019 0.000015 0.000020 
1301 0.001279 0.030157 0.001078 0.010974 0.023279 0.003484 0.002031 0.004352 0.003206 0.004625 0.006578 0.010101 0.875919 0.001967 0.004855 0.005194 0.001820 0.004787 0.002563 0.001093 0.000656 
3375 0.878273 0.021282 0.027449 0.018014 0.039810 0.001012 0.000603 0.000856 0.004301 0.000796 0.002753 0.000456 0.001187 0.000415 0.000382 0.000459 0.000388 0.000430 0.000373 0.000330 0.000429 
3963 0.009651 0.006020 0.002421 0.001097 0.001092 0.000416 0.000448 0.026015 0.001458 0.005872 0.320574 0.046818 0.151727 0.261084 0.000322 0.065927 0.082537 0.000667 0.000993 0.014577 0.000281 
2355 0.005912 0.044716 0.008280 0.002520 0.003513 0.001471 0.001846 0.016592 0.002381 0.877590 0.002246 0.001482 0.006590 0.000528 0.000787 0.001695 0.007600 0.000664 0.007105 0.006062 0.000419 
3320 0.013021 0.008904 0.003753 0.001777 0.002317 0.015857 0.001444 0.002350 0.002131 0.003620 0.002240 0.004228 0.006754 0.006311 0.325118 0.069348 0.002337 0.238591 0.184170 0.023989 0.081738 
79 0.004714 0.789658 0.060871 0.031030 0.033555 0.003345 0.002438 0.003543 0.042082 0.003648 0.001836 0.002876 0.002968 0.001881 0.001579 0.005060 0.001623 0.001539 0.002566 0.001305 0.001884 
19 0.013528 0.270619 0.156064 0.060212 0.150712 0.019331 0.023840 0.033571 0.059239 0.026263 0.017947 0.026549 0.019539 0.015260 0.011257 0.014797 0.015010 0.019177 0.014481 0.014659 0.017944 
45094 0.000245 0.979702 0.007239 0.002773 0.001431 0.000336 0.000314 0.000459 0.004311 0.000404 0.000248 0.000549 0.000373 0.000191 0.000207 0.000207 0.000200 0.000185 0.000203 0.000179 0.000245 
5702 0.001061 0.012291 0.003183 0.002697 0.955571 0.002342 0.000393 0.000728 0.003718 0.001425 0.003274 0.001034 0.006681 0.001981 0.000436 0.001456 0.000295 0.000363 0.000325 0.000258 0.000486 
2735 0.007180 0.029989 0.007899 0.018982 0.054648 0.010584 0.028440 0.007359 0.725704 0.006341 0.008485 0.026885 0.027132 0.006444 0.003087 0.008123 0.004039 0.002386 0.007407 0.005463 0.003421 
22611 0.014718 0.014107 0.101704 0.724477 0.007937 0.007830 0.042553 0.055647 0.003407 0.006583 0.000669 0.006069 0.003968 0.001279 0.000892 0.000920 0.002553 0.000988 0.002479 0.000822 0.000397 
16833 0.009181 0.022129 0.768035 0.186293 0.000325 0.000151 0.011215 0.000148 0.001454 0.000418 0.000066 0.000082 0.000081 0.000055 0.000054 0.000061 0.000050 0.000052 0.000052 0.000043 0.000054 
135 0.049982 0.108827 0.752465 0.055335 0.006802 0.001560 0.006607 0.000950 0.004204 0.002660 0.005051 0.000963 0.000623 0.000475 0.000290 0.000598 0.000407 0.000726 0.000420 0.000452 0.000601 
3425 0.015798 0.900429 0.027329 0.016192 0.008818 0.001240 0.001020 0.001972 0.015392 0.001392 0.000757 0.002052 0.002398 0.000616 0.000643 0.000864 0.000640 0.000628 0.000617 0.000522 0.000681 
5174 0.007728 0.009978 0.002383 0.097792 0.003610 0.003196 0.149310 0.485715 0.005209 0.029238 0.002246 0.106809 0.001237 0.004724 0.006117 0.000907 0.073935 0.001371 0.000717 0.006438 0.001340 
982 0.011994 0.587656 0.134794 0.112253 0.035948 0.007791 0.004860 0.004928 0.056360 0.004362 0.009650 0.005830 0.004898 0.002417 0.002555 0.002623 0.002577 0.002009 0.002562 0.001702 0.002232 
8 0.008087 0.028510 0.003412 0.022379 0.059504 0.025239 0.039446 0.028946 0.024460 0.023215 0.023153 0.040549 0.050614 0.234863 0.031272 0.046885 0.035618 0.085793 0.093342 0.040871 0.053841 
5115 0.006741 0.004904 0.011915 0.011401 0.091086 0.768080 0.002936 0.003396 0.003136 0.005190 0.007940 0.001415 0.001199 0.007810 0.019660 0.004936 0.001329 0.000980 0.001454 0.005669 0.038823 
2235 0.653272 0.047789 0.047039 0.004513 0.232104 0.001429 0.000966 0.001004 0.002275 0.001006 0.000807 0.001543 0.001924 0.000634 0.000479 0.000922 0.000400 0.000749 0.000418 0.000320 0.000395 
1414 0.009454 0.012459 0.003043 0.005217 0.058679 0.029385 0.006974 0.010552 0.016522 0.034685 0.018218 0.020742 0.039752 0.008984 0.009973 0.597224 0.009439 0.010995 0.025464 0.067072 0.005163 
2708 0.012895 0.014056 0.020734 0.024191 0.006014 0.003987 0.658440 0.048163 0.045787 0.023792 0.001876 0.088283 0.001644 0.005231 0.002544 0.001250 0.008286 0.000418 0.007136 0.022728 0.002543 
38 0.652139 0.148742 0.092121 0.038711 0.016914 0.007271 0.006808 0.006653 0.005553 0.003300 0.003197 0.002587 0.002531 0.002348 0.002265 0.001858 0.001668 0.001664 0.001347 0.001170 0.001156 
