49 0.578183 0.007727 0.102848 0.038946 0.056568 0.006314 0.004491 0.005589 0.142325 0.007659 0.011996 0.003777 0.012400 0.003035 0.003097 0.002941 0.002505 0.002638 0.002486 0.002137 0.002331 
13704 0.858359 0.139266 0.001146 0.000153 0.000143 0.000037 0.000041 0.000049 0.000467 0.000043 0.000036 0.000034 0.000038 0.000028 0.000025 0.000030 0.000021 0.000026 0.000023 0.000017 0.000020 
18321 0.019474 0.288138 0.562310 0.116043 0.002157 0.000672 0.001966 0.000793 0.003062 0.000824 0.000440 0.000654 0.000596 0.000375 0.000341 0.000379 0.000345 0.000363 0.000353 0.000310 0.000403 
116664 0.687260 0.309204 0.001538 0.000254 0.000369 0.000057 0.000064 0.000079 0.000658 0.000065 0.000053 0.000051 0.000067 0.000038 0.000036 0.000045 0.000033 0.000038 0.000037 0.000029 0.000029 
17425 0.602903 0.048445 0.319283 0.006682 0.005683 0.001065 0.002222 0.001326 0.002213 0.001892 0.001057 0.000864 0.001564 0.000718 0.000633 0.000768 0.000515 0.000647 0.000556 0.000443 0.000511 
1863 0.012582 0.007659 0.012217 0.003136 0.003753 0.000635 0.300060 0.007876 0.553406 0.002331 0.000500 0.080520 0.002918 0.000401 0.000386 0.002161 0.000655 0.000397 0.000530 0.006236 0.001635 
37248 0.019193 0.022400 0.906749 0.039270 0.001027 0.000323 0.004937 0.000208 0.002306 0.000988 0.000442 0.000155 0.000168 0.000199 0.000085 0.001084 0.000080 0.000136 0.000083 0.000071 0.000096 
322995 0.977456 0.020239 0.000962 0.000105 0.000422 0.000029 0.000029 0.000040 0.000398 0.000041 0.000030 0.000026 0.000061 0.000022 0.000020 0.000026 0.000019 0.000021 0.000019 0.000015 0.000020 
1145 0.001284 0.030163 0.001078 0.010972 0.023281 0.003484 0.002032 0.004346 0.003207 0.004623 0.006580 0.010104 0.875929 0.001969 0.004852 0.005187 0.001823 0.004779 0.002561 0.001089 0.000656 
1319 0.878662 0.021474 0.027682 0.018270 0.038513 0.001048 0.000608 0.000866 0.004359 0.000828 0.002788 0.000460 0.001208 0.000417 0.000390 0.000463 0.000395 0.000427 0.000376 0.000334 0.000431 
3987 0.009691 0.006037 0.002413 0.001096 0.001092 0.000416 0.000451 0.026017 0.001458 0.005897 0.321489 0.046609 0.151749 0.260698 0.000322 0.065496 0.082715 0.000667 0.000989 0.014415 0.000281 
2363 0.005933 0.044713 0.008306 0.002508 0.003510 0.001482 0.001811 0.016599 0.002382 0.877789 0.002246 0.001486 0.006620 0.000533 0.000792 0.001694 0.007580 0.000662 0.007105 0.005826 0.000422 
3436 0.012982 0.008873 0.003737 0.001784 0.002307 0.015833 0.001441 0.002345 0.002130 0.003652 0.002237 0.004182 0.006736 0.006307 0.325343 0.069188 0.002329 0.239071 0.183999 0.023607 0.081913 
28 0.004714 0.789660 0.060873 0.031029 0.033552 0.003343 0.002438 0.003542 0.042082 0.003648 0.001837 0.002876 0.002968 0.001881 0.001579 0.005060 0.001623 0.001539 0.002566 0.001305 0.001884 
27 0.013531 0.270606 0.156046 0.060214 0.150705 0.019331 0.023842 0.033568 0.059239 0.026257 0.017946 0.026555 0.019538 0.015267 0.011257 0.014798 0.015008 0.019182 0.014476 0.014682 0.017949 
46338 0.000245 0.979718 0.007241 0.002755 0.001431 0.000336 0.000314 0.000458 0.004310 0.000404 0.000248 0.000550 0.000372 0.000191 0.000207 0.000207 0.000200 0.000185 0.000203 0.000179 0.000245 
5936 0.001058 0.012304 0.003198 0.002697 0.955557 0.002331 0.000392 0.000728 0.003719 0.001429 0.003274 0.001035 0.006681 0.001980 0.000439 0.001456 0.000295 0.000364 0.000325 0.000258 0.000480 
2265 0.007160 0.030021 0.007895 0.019006 0.054705 0.010596 0.028454 0.007366 0.725665 0.006350 0.008493 0.026725 0.027168 0.006451 0.003091 0.008130 0.004041 0.002389 0.007421 0.005446 0.003426 
22568 0.014720 0.014044 0.101943 0.724879 0.007944 0.007838 0.041949 0.055657 0.003409 0.006577 0.000669 0.006068 0.003970 0.001279 0.000892 0.000921 0.002554 0.000988 0.002480 0.000823 0.000397 
16043 0.009208 0.022173 0.767891 0.186408 0.000325 0.000152 0.011175 0.000149 0.001450 0.000419 0.000066 0.000082 0.000081 0.000055 0.000054 0.000061 0.000050 0.000053 0.000052 0.000043 0.000054 
130 0.049986 0.108839 0.752471 0.055319 0.006807 0.001565 0.006604 0.000950 0.004206 0.002661 0.005052 0.000963 0.000623 0.000475 0.000284 0.000598 0.000407 0.000724 0.000420 0.000447 0.000599 
3033 0.015802 0.900479 0.027337 0.016117 0.008821 0.001243 0.001020 0.001972 0.015396 0.001391 0.000757 0.002053 0.002398 0.000617 0.000643 0.000865 0.000640 0.000628 0.000617 0.000522 0.000682 
4601 0.007770 0.010017 0.002396 0.098234 0.003627 0.003209 0.146240 0.487623 0.005248 0.029288 0.002258 0.106755 0.001242 0.004743 0.006147 0.000912 0.074387 0.001377 0.000722 0.006458 0.001346 
259 0.012017 0.587618 0.135016 0.111768 0.036022 0.007805 0.004867 0.004938 0.056453 0.004370 0.009668 0.005840 0.004910 0.002420 0.002557 0.002629 0.002580 0.002012 0.002567 0.001706 0.002235 
1 0.014935 0.021157 0.019544 0.012293 0.019679 0.375644 0.007555 0.014580 0.044126 0.005920 0.021365 0.009122 0.014803 0.004349 0.138797 0.041930 0.007590 0.089550 0.064758 0.013731 0.058569 
3 0.008089 0.028506 0.003412 0.022380 0.059509 0.025241 0.039449 0.028949 0.024462 0.023209 0.023156 0.040540 0.050617 0.234875 0.031275 0.046890 0.035619 0.085799 0.093352 0.040829 0.053838 
5221 0.006658 0.004893 0.012034 0.011463 0.091293 0.767851 0.002930 0.003397 0.003133 0.005186 0.007936 0.001419 0.001197 0.007806 0.019587 0.004934 0.001329 0.000977 0.001453 0.005698 0.038825 
6190 0.658938 0.044367 0.042854 0.003943 0.236259 0.001372 0.000866 0.000880 0.002040 0.000920 0.000705 0.001348 0.001687 0.000538 0.000423 0.000790 0.000350 0.000655 0.000357 0.000308 0.000392 
1413 0.009473 0.012463 0.003042 0.005216 0.058662 0.029375 0.006972 0.010545 0.016508 0.034685 0.018244 0.020750 0.039715 0.008973 0.009967 0.597394 0.009416 0.010979 0.025397 0.067067 0.005155 
4786 0.012357 0.013463 0.019850 0.023179 0.005796 0.003858 0.667203 0.048225 0.044173 0.022977 0.001797 0.087211 0.001575 0.005014 0.002456 0.001198 0.007954 0.000401 0.006839 0.021978 0.002491 
25 0.007667 0.101503 0.061936 0.031800 0.525957 0.018359 0.009519 0.016285 0.036668 0.011725 0.062961 0.017430 0.030167 0.007409 0.007873 0.009623 0.007135 0.007906 0.007620 0.008620 0.011834 
33 0.042414 0.018978 0.008313 0.002605 0.797401 0.039997 0.000990 0.000907 0.024906 0.002235 0.006806 0.003642 0.016855 0.003278 0.000897 0.025713 0.000460 0.000540 0.001335 0.000660 0.001067 
58 0.652397 0.148712 0.092125 0.038612 0.016908 0.007254 0.006805 0.006638 0.005522 0.003294 0.003193 0.002576 0.002521 0.002341 0.002261 0.001854 0.001665 0.001663 0.001343 0.001163 0.001154 
