18 0.578184 0.007714 0.102889 0.038979 0.056620 0.006304 0.004491 0.005602 0.142221 0.007656 0.011998 0.003766 0.012404 0.003038 0.003098 0.002937 0.002507 0.002640 0.002487 0.002127 0.002332 
32348 0.858597 0.139049 0.001136 0.000151 0.000142 0.000037 0.000040 0.000048 0.000463 0.000042 0.000036 0.000033 0.000038 0.000027 0.000024 0.000030 0.000021 0.000026 0.000023 0.000017 0.000020 
8348 0.020043 0.286924 0.562386 0.116166 0.002233 0.000696 0.002017 0.000817 0.003150 0.000847 0.000456 0.000677 0.000616 0.000388 0.000353 0.000393 0.000357 0.000376 0.000365 0.000322 0.000416 
41937 0.685400 0.310676 0.001694 0.000286 0.000414 0.000065 0.000071 0.000089 0.000721 0.000072 0.000059 0.000057 0.000075 0.000043 0.000040 0.000051 0.000038 0.000042 0.000042 0.000032 0.000033 
8549 0.599664 0.052561 0.307690 0.008766 0.008211 0.001462 0.003061 0.001795 0.002915 0.002316 0.001472 0.001213 0.002117 0.001001 0.000891 0.001101 0.000718 0.000901 0.000775 0.000617 0.000741 
2289 0.012579 0.007633 0.012254 0.003100 0.003749 0.000634 0.308341 0.007878 0.545613 0.002323 0.000499 0.079806 0.002895 0.000400 0.000385 0.002156 0.000653 0.000396 0.000526 0.006532 0.001642 
19802 0.019396 0.022569 0.906290 0.039277 0.001027 0.000325 0.004962 0.000210 0.002324 0.000988 0.000447 0.000157 0.000169 0.000201 0.000086 0.001097 0.000081 0.000137 0.000084 0.000073 0.000098 
225108 0.977470 0.020198 0.000971 0.000106 0.000428 0.000029 0.000030 0.000041 0.000402 0.000041 0.000030 0.000026 0.000062 0.000023 0.000021 0.000027 0.000019 0.000021 0.000019 0.000015 0.000020 
808 0.001286 0.030174 0.001078 0.010979 0.023296 0.003487 0.002033 0.004341 0.003209 0.004624 0.006584 0.010110 0.875904 0.001960 0.004856 0.005189 0.001812 0.004784 0.002561 0.001076 0.000657 
5380 0.878689 0.021318 0.027423 0.018031 0.039417 0.001013 0.000600 0.000855 0.004304 0.000790 0.002754 0.000454 0.001174 0.000410 0.000382 0.000456 0.000389 0.000422 0.000372 0.000320 0.000424 
2869 0.009772 0.006056 0.002429 0.001104 0.001103 0.000420 0.000452 0.026236 0.001475 0.005914 0.319716 0.046801 0.152812 0.260328 0.000325 0.066016 0.082564 0.000673 0.000999 0.014520 0.000284 
1422 0.005891 0.044943 0.008224 0.002486 0.003502 0.001471 0.001815 0.016503 0.002405 0.877772 0.002258 0.001490 0.006583 0.000523 0.000772 0.001703 0.007578 0.000664 0.007146 0.005845 0.000421 
2169 0.013148 0.008963 0.003781 0.001785 0.002312 0.016014 0.001459 0.002367 0.002157 0.003677 0.002262 0.004206 0.006794 0.006376 0.323983 0.069971 0.002355 0.239114 0.183895 0.023784 0.081595 
136 0.004715 0.789668 0.060873 0.031027 0.033551 0.003343 0.002438 0.003542 0.042080 0.003648 0.001836 0.002875 0.002967 0.001881 0.001579 0.005060 0.001622 0.001539 0.002566 0.001305 0.001884 
22 0.013541 0.270599 0.156061 0.060208 0.150720 0.019331 0.023843 0.033569 0.059240 0.026268 0.017947 0.026549 0.019539 0.015259 0.011256 0.014797 0.015009 0.019179 0.014475 0.014664 0.017944 
23233 0.000246 0.979685 0.007258 0.002735 0.001437 0.000337 0.000315 0.000460 0.004323 0.000405 0.000249 0.000552 0.000374 0.000192 0.000208 0.000208 0.000201 0.000185 0.000204 0.000180 0.000246 
3897 0.001064 0.012319 0.003174 0.002701 0.955541 0.002323 0.000393 0.000730 0.003721 0.001426 0.003280 0.001036 0.006693 0.001984 0.000435 0.001459 0.000296 0.000364 0.000325 0.000256 0.000480 
1195 0.007180 0.030081 0.007908 0.019050 0.054850 0.010624 0.028515 0.007386 0.725111 0.006362 0.008515 0.026710 0.027237 0.006468 0.003099 0.008149 0.004052 0.002396 0.007438 0.005440 0.003429 
11920 0.014977 0.014207 0.103059 0.721254 0.008081 0.007980 0.042865 0.056110 0.003470 0.006568 0.000681 0.006179 0.004042 0.001302 0.000906 0.000937 0.002600 0.001006 0.002525 0.000845 0.000404 
7733 0.009314 0.022410 0.767741 0.186025 0.000329 0.000155 0.011323 0.000151 0.001469 0.000422 0.000067 0.000083 0.000083 0.000056 0.000055 0.000062 0.000050 0.000053 0.000053 0.000044 0.000055 
41 0.050013 0.108878 0.752434 0.055324 0.006781 0.001552 0.006605 0.000951 0.004205 0.002661 0.005054 0.000963 0.000623 0.000475 0.000284 0.000599 0.000407 0.000724 0.000420 0.000447 0.000599 
1347 0.015814 0.900491 0.027355 0.016049 0.008829 0.001242 0.001020 0.001973 0.015404 0.001393 0.000758 0.002055 0.002400 0.000617 0.000644 0.000866 0.000640 0.000629 0.000617 0.000522 0.000682 
3118 0.007841 0.010093 0.002412 0.098735 0.003657 0.003236 0.148388 0.485393 0.005275 0.029351 0.002272 0.106357 0.001251 0.004784 0.006195 0.000920 0.073901 0.001389 0.000726 0.006466 0.001357 
761 0.012008 0.587733 0.134857 0.112041 0.035978 0.007794 0.004852 0.004929 0.056377 0.004364 0.009655 0.005831 0.004900 0.002417 0.002552 0.002625 0.002576 0.002010 0.002564 0.001703 0.002232 
4 0.014950 0.021145 0.019537 0.012290 0.019682 0.375592 0.007554 0.014578 0.044121 0.005919 0.021363 0.009149 0.014802 0.004351 0.138777 0.041926 0.007599 0.089543 0.064751 0.013805 0.058563 
52 0.008212 0.028088 0.003661 0.022226 0.060224 0.036171 0.038916 0.028523 0.024117 0.022944 0.022822 0.039940 0.049867 0.231394 0.031149 0.046199 0.035092 0.084523 0.091965 0.040464 0.053503 
3047 0.016146 0.005285 0.012028 0.011298 0.095072 0.755094 0.002875 0.003420 0.003141 0.005118 0.007994 0.001417 0.001210 0.007863 0.019157 0.004970 0.001339 0.000987 0.001464 0.005543 0.038578 
2035 0.636906 0.048039 0.047170 0.004608 0.215685 0.001437 0.001014 0.001089 0.002418 0.001145 0.001750 0.002543 0.002402 0.001101 0.000459 0.021747 0.000875 0.000919 0.001585 0.006684 0.000414 
830 0.009514 0.012500 0.003088 0.005264 0.058865 0.029487 0.011679 0.010781 0.016600 0.034848 0.018116 0.020904 0.039730 0.008895 0.010004 0.593314 0.009343 0.010988 0.025161 0.065750 0.005169 
455 0.013165 0.014311 0.020974 0.024514 0.006153 0.004052 0.655534 0.048454 0.046574 0.024054 0.001912 0.088577 0.001676 0.005333 0.002592 0.001274 0.008438 0.000426 0.007274 0.022147 0.002560 
9 0.653204 0.148322 0.091791 0.038482 0.016961 0.007254 0.006773 0.006636 0.005516 0.003287 0.003200 0.002576 0.002529 0.002348 0.002258 0.001857 0.001668 0.001666 0.001346 0.001168 0.001158 
