22 0.578002 0.007724 0.102791 0.039069 0.056772 0.006323 0.004487 0.005586 0.142067 0.007647 0.012001 0.003893 0.012380 0.003035 0.003107 0.002933 0.002541 0.002637 0.002489 0.002183 0.002330 
338 0.858180 0.139425 0.001154 0.000155 0.000144 0.000038 0.000041 0.000049 0.000470 0.000043 0.000037 0.000034 0.000038 0.000028 0.000025 0.000031 0.000021 0.000026 0.000023 0.000017 0.000020 
3869 0.020252 0.285413 0.562612 0.117054 0.002264 0.000708 0.002035 0.000829 0.003177 0.000860 0.000464 0.000688 0.000626 0.000394 0.000359 0.000399 0.000363 0.000382 0.000371 0.000326 0.000423 
22855 0.684749 0.311223 0.001732 0.000292 0.000428 0.000067 0.000072 0.000092 0.000738 0.000075 0.000062 0.000059 0.000077 0.000044 0.000042 0.000052 0.000039 0.000044 0.000043 0.000034 0.000034 
5295 0.612183 0.051134 0.290942 0.010220 0.008767 0.001716 0.003555 0.002101 0.003222 0.002580 0.001722 0.001406 0.002592 0.001171 0.001033 0.001251 0.000839 0.001055 0.000906 0.000760 0.000832 
4045 0.012061 0.007370 0.011755 0.003002 0.003631 0.000623 0.317894 0.009254 0.531791 0.002293 0.000484 0.083457 0.002798 0.000388 0.000376 0.002111 0.000684 0.000383 0.000513 0.007459 0.001667 
26030 0.019290 0.022506 0.906157 0.039642 0.001024 0.000325 0.004944 0.000210 0.002304 0.000977 0.000445 0.000156 0.000169 0.000200 0.000086 0.001092 0.000081 0.000137 0.000084 0.000073 0.000098 
160802 0.977280 0.020364 0.000981 0.000107 0.000434 0.000030 0.000030 0.000041 0.000404 0.000042 0.000030 0.000027 0.000063 0.000023 0.000021 0.000027 0.000019 0.000021 0.000020 0.000015 0.000020 
1363 0.001275 0.030143 0.001080 0.010970 0.023273 0.003483 0.002031 0.004342 0.003205 0.004620 0.006577 0.010100 0.875977 0.001967 0.004851 0.005197 0.001822 0.004779 0.002562 0.001089 0.000656 
1297 0.878933 0.021442 0.027688 0.018256 0.038382 0.001033 0.000606 0.000866 0.004339 0.000795 0.002788 0.000460 0.001187 0.000416 0.000389 0.000462 0.000394 0.000429 0.000378 0.000325 0.000430 
5483 0.009501 0.005926 0.002379 0.001083 0.001080 0.000412 0.000444 0.025991 0.001438 0.005771 0.318651 0.047595 0.149697 0.259321 0.000318 0.069691 0.082994 0.000658 0.000987 0.015784 0.000277 
2056 0.005794 0.044721 0.008067 0.002479 0.003487 0.001474 0.001850 0.016713 0.002385 0.877644 0.002250 0.001484 0.006596 0.000520 0.000784 0.001698 0.007670 0.000670 0.007119 0.006175 0.000419 
4591 0.012838 0.008802 0.003703 0.001756 0.002256 0.015676 0.001434 0.002321 0.002110 0.003560 0.002253 0.004354 0.006650 0.006251 0.324540 0.072005 0.002324 0.238202 0.183002 0.024778 0.081183 
63 0.004712 0.789672 0.060872 0.031027 0.033549 0.003343 0.002439 0.003542 0.042080 0.003648 0.001837 0.002876 0.002968 0.001881 0.001579 0.005060 0.001623 0.001539 0.002566 0.001305 0.001884 
1 0.013519 0.270628 0.156058 0.060217 0.150708 0.019332 0.023842 0.033573 0.059245 0.026260 0.017950 0.026552 0.019541 0.015261 0.011251 0.014799 0.015010 0.019178 0.014477 0.014648 0.017948 
32908 0.000245 0.979660 0.007243 0.002794 0.001433 0.000337 0.000314 0.000460 0.004316 0.000405 0.000248 0.000551 0.000374 0.000192 0.000208 0.000207 0.000201 0.000185 0.000204 0.000180 0.000245 
6683 0.001094 0.012277 0.003180 0.002696 0.955583 0.002350 0.000393 0.000728 0.003708 0.001423 0.003271 0.001033 0.006676 0.001979 0.000437 0.001455 0.000295 0.000364 0.000325 0.000255 0.000478 
1404 0.007163 0.030063 0.007905 0.019042 0.054817 0.010621 0.028515 0.007384 0.725064 0.006360 0.008511 0.026848 0.027225 0.006466 0.003100 0.008157 0.004050 0.002395 0.007438 0.005461 0.003414 
14498 0.014889 0.014245 0.102951 0.721198 0.008035 0.007926 0.042494 0.056924 0.003448 0.006468 0.000678 0.006213 0.004019 0.001295 0.000904 0.000933 0.002630 0.001001 0.002511 0.000834 0.000402 
4231 0.009358 0.022566 0.767602 0.185925 0.000331 0.000155 0.011343 0.000152 0.001474 0.000424 0.000068 0.000084 0.000083 0.000056 0.000055 0.000062 0.000051 0.000054 0.000054 0.000045 0.000055 
2 0.050001 0.108894 0.752452 0.055330 0.006750 0.001547 0.006605 0.000951 0.004206 0.002662 0.005055 0.000964 0.000623 0.000475 0.000284 0.000599 0.000408 0.000725 0.000420 0.000447 0.000599 
3038 0.015804 0.900402 0.027344 0.016180 0.008824 0.001242 0.001021 0.001973 0.015395 0.001392 0.000757 0.002053 0.002399 0.000617 0.000643 0.000865 0.000640 0.000629 0.000617 0.000522 0.000682 
3030 0.007860 0.010148 0.002428 0.099088 0.003678 0.003253 0.146918 0.486481 0.005302 0.029356 0.002280 0.105914 0.001257 0.004807 0.006229 0.000924 0.074068 0.001396 0.000730 0.006516 0.001365 
40 0.012018 0.587595 0.135071 0.111679 0.036038 0.007810 0.004855 0.004941 0.056473 0.004373 0.009674 0.005843 0.004909 0.002422 0.002557 0.002630 0.002581 0.002014 0.002569 0.001711 0.002237 
6 0.014917 0.021140 0.019533 0.012302 0.019665 0.375806 0.007566 0.014576 0.044106 0.005920 0.021346 0.009140 0.014790 0.004345 0.138753 0.041906 0.007588 0.089487 0.064703 0.013785 0.058624 
157 0.008074 0.028482 0.003411 0.022361 0.059462 0.025219 0.039422 0.028932 0.024442 0.023191 0.023135 0.040569 0.050574 0.234687 0.031252 0.047020 0.035603 0.085723 0.093304 0.041318 0.053817 
4987 0.006444 0.004904 0.011758 0.011395 0.090947 0.768881 0.002955 0.003401 0.003118 0.005115 0.007947 0.001412 0.001199 0.007817 0.019467 0.004950 0.001331 0.000979 0.001455 0.005704 0.038819 
200 0.658244 0.049693 0.048740 0.004766 0.222622 0.001463 0.001023 0.001064 0.002399 0.001066 0.000858 0.001634 0.002038 0.000655 0.000445 0.000957 0.000424 0.000799 0.000432 0.000305 0.000362 
