10 0.578138 0.007730 0.102898 0.038975 0.056616 0.006306 0.004492 0.005600 0.142204 0.007657 0.012000 0.003770 0.012395 0.003038 0.003099 0.002952 0.002512 0.002640 0.002488 0.002152 0.002333 
29961 0.858569 0.139078 0.001137 0.000152 0.000142 0.000037 0.000040 0.000048 0.000461 0.000042 0.000036 0.000034 0.000038 0.000027 0.000024 0.000030 0.000021 0.000026 0.000023 0.000017 0.000020 
21778 0.019261 0.288436 0.561543 0.116954 0.002141 0.000665 0.001909 0.000784 0.002985 0.000812 0.000435 0.000651 0.000589 0.000370 0.000337 0.000375 0.000341 0.000359 0.000349 0.000307 0.000397 
119626 0.686783 0.309712 0.001531 0.000262 0.000374 0.000057 0.000061 0.000079 0.000625 0.000064 0.000052 0.000051 0.000066 0.000038 0.000035 0.000045 0.000033 0.000037 0.000037 0.000029 0.000029 
20725 0.617291 0.041256 0.314253 0.006231 0.005392 0.000958 0.002053 0.001194 0.001798 0.001608 0.000958 0.001122 0.001456 0.000652 0.000573 0.000696 0.000467 0.000587 0.000505 0.000478 0.000464 
574 0.012791 0.007765 0.012379 0.003165 0.003825 0.000649 0.298757 0.008030 0.552356 0.002383 0.000511 0.081806 0.002963 0.000410 0.000394 0.002210 0.000670 0.000405 0.000538 0.006331 0.001660 
55199 0.018974 0.022184 0.907250 0.039234 0.001069 0.000326 0.004922 0.000214 0.002263 0.000976 0.000436 0.000158 0.000168 0.000196 0.000084 0.001071 0.000079 0.000134 0.000082 0.000083 0.000098 
483304 0.977818 0.019911 0.000950 0.000104 0.000421 0.000028 0.000028 0.000039 0.000384 0.000040 0.000029 0.000027 0.000060 0.000022 0.000020 0.000026 0.000018 0.000021 0.000019 0.000015 0.000019 
2811 0.001282 0.030066 0.001079 0.010940 0.023211 0.003473 0.002029 0.004387 0.003196 0.004613 0.006560 0.010085 0.876096 0.001980 0.004837 0.005175 0.001916 0.004765 0.002558 0.001095 0.000655 
1385 0.878800 0.021447 0.027705 0.018238 0.038415 0.001062 0.000606 0.000869 0.004340 0.000813 0.002787 0.000464 0.001193 0.000429 0.000393 0.000462 0.000393 0.000434 0.000377 0.000340 0.000432 
8291 0.009324 0.005812 0.002330 0.001059 0.001056 0.000402 0.000432 0.025127 0.001405 0.005663 0.325215 0.047597 0.147330 0.264843 0.000310 0.063654 0.082766 0.000643 0.000956 0.013801 0.000271 
4085 0.005822 0.044230 0.008140 0.002456 0.003485 0.001444 0.001771 0.016671 0.002372 0.878306 0.002222 0.001496 0.006548 0.000529 0.000758 0.001683 0.007795 0.000660 0.007033 0.006140 0.000436 
5723 0.012740 0.008704 0.003663 0.001731 0.002252 0.015547 0.001417 0.002299 0.002094 0.003522 0.002194 0.004067 0.006605 0.006184 0.324762 0.068010 0.002284 0.240578 0.184693 0.025391 0.081259 
169 0.004714 0.789655 0.060868 0.031027 0.033566 0.003347 0.002438 0.003544 0.042077 0.003648 0.001836 0.002876 0.002967 0.001881 0.001579 0.005060 0.001622 0.001539 0.002566 0.001306 0.001884 
39 0.013530 0.270617 0.156052 0.060206 0.150701 0.019340 0.023842 0.033567 0.059233 0.026258 0.017947 0.026545 0.019537 0.015257 0.011252 0.014798 0.015014 0.019173 0.014476 0.014691 0.017961 
71742 0.000244 0.979754 0.007216 0.002796 0.001425 0.000334 0.000312 0.000457 0.004286 0.000402 0.000246 0.000547 0.000371 0.000190 0.000206 0.000206 0.000199 0.000184 0.000202 0.000179 0.000243 
13447 0.001050 0.012310 0.003307 0.002680 0.955563 0.002385 0.000390 0.000723 0.003684 0.001416 0.003250 0.001027 0.006633 0.001966 0.000433 0.001447 0.000293 0.000361 0.000326 0.000274 0.000483 
1514 0.007163 0.030052 0.007898 0.019037 0.054797 0.010618 0.028491 0.007381 0.725105 0.006360 0.008508 0.026955 0.027215 0.006463 0.003097 0.008145 0.004048 0.002394 0.007434 0.005432 0.003407 
33409 0.014465 0.013906 0.101121 0.728322 0.007799 0.007698 0.040772 0.055499 0.003349 0.006363 0.000657 0.005962 0.003899 0.001256 0.000876 0.000904 0.002511 0.000971 0.002435 0.000840 0.000393 
23303 0.009102 0.021977 0.767925 0.186814 0.000324 0.000150 0.011071 0.000147 0.001432 0.000412 0.000065 0.000082 0.000081 0.000054 0.000053 0.000060 0.000049 0.000052 0.000052 0.000043 0.000053 
308 0.049957 0.108765 0.752465 0.055294 0.006905 0.001570 0.006606 0.000950 0.004200 0.002666 0.005048 0.000962 0.000622 0.000475 0.000284 0.000598 0.000407 0.000724 0.000420 0.000477 0.000605 
4118 0.015793 0.900474 0.027325 0.016167 0.008821 0.001240 0.001018 0.001971 0.015383 0.001391 0.000757 0.002052 0.002397 0.000616 0.000643 0.000864 0.000639 0.000628 0.000617 0.000522 0.000681 
8069 0.007634 0.009847 0.002353 0.096415 0.003564 0.003153 0.143928 0.493349 0.005141 0.028768 0.002225 0.105548 0.001231 0.004658 0.006035 0.000902 0.075387 0.001353 0.000707 0.006478 0.001323 
1281 0.011988 0.587740 0.134703 0.112409 0.035931 0.007785 0.004841 0.004928 0.056300 0.004359 0.009642 0.005823 0.004893 0.002414 0.002548 0.002622 0.002575 0.002007 0.002560 0.001701 0.002229 
5 0.014935 0.021153 0.019543 0.012293 0.019681 0.375649 0.007554 0.014580 0.044124 0.005917 0.021365 0.009121 0.014803 0.004349 0.138800 0.041929 0.007590 0.089548 0.064764 0.013731 0.058567 
1 0.008089 0.028505 0.003412 0.022381 0.059511 0.025242 0.039449 0.028949 0.024462 0.023210 0.023156 0.040540 0.050618 0.234873 0.031275 0.046889 0.035620 0.085796 0.093350 0.040834 0.053839 
9511 0.006605 0.004797 0.012166 0.011235 0.091937 0.768137 0.003011 0.003332 0.003068 0.005048 0.007788 0.001384 0.001175 0.007661 0.019246 0.004842 0.001304 0.000966 0.001431 0.006079 0.038789 
14813 0.672862 0.038208 0.036437 0.003213 0.237482 0.001647 0.000677 0.000708 0.001615 0.000747 0.000568 0.001122 0.001408 0.000439 0.000384 0.000661 0.000282 0.000635 0.000307 0.000327 0.000264 
2779 0.009387 0.012338 0.003017 0.005167 0.058172 0.029113 0.006907 0.010474 0.016373 0.034370 0.018212 0.020946 0.039432 0.008995 0.009877 0.596889 0.009392 0.010878 0.025661 0.069298 0.005101 
6507 0.012153 0.013178 0.019441 0.022574 0.005766 0.003989 0.671482 0.046731 0.043427 0.022840 0.001760 0.085682 0.001544 0.004908 0.002397 0.001175 0.007836 0.000392 0.006696 0.023539 0.002485 
29 0.007683 0.101510 0.061939 0.031801 0.525926 0.018349 0.009519 0.016286 0.036669 0.011726 0.062963 0.017431 0.030168 0.007409 0.007874 0.009623 0.007136 0.007908 0.007621 0.008620 0.011836 
16 0.652342 0.148382 0.092139 0.038687 0.017075 0.007300 0.006772 0.006685 0.005414 0.003314 0.003224 0.002571 0.002553 0.002374 0.002262 0.001864 0.001679 0.001671 0.001350 0.001189 0.001153 
