133 0.578160 0.007705 0.102735 0.038883 0.056549 0.006290 0.004482 0.005580 0.142612 0.007661 0.011971 0.003767 0.012373 0.003031 0.003092 0.002933 0.002501 0.002634 0.002491 0.002175 0.002368 
42494 0.858727 0.138930 0.001130 0.000150 0.000141 0.000037 0.000040 0.000048 0.000463 0.000042 0.000036 0.000033 0.000037 0.000027 0.000024 0.000030 0.000020 0.000025 0.000022 0.000017 0.000020 
7725 0.020064 0.286969 0.562181 0.116276 0.002237 0.000698 0.002025 0.000818 0.003157 0.000846 0.000457 0.000679 0.000617 0.000389 0.000354 0.000394 0.000358 0.000377 0.000366 0.000322 0.000417 
35402 0.684307 0.311731 0.001706 0.000285 0.000423 0.000065 0.000072 0.000090 0.000728 0.000073 0.000060 0.000058 0.000076 0.000043 0.000041 0.000051 0.000038 0.000043 0.000042 0.000033 0.000033 
8166 0.598838 0.052118 0.308206 0.008822 0.008413 0.001487 0.003129 0.001826 0.003239 0.002240 0.001496 0.001230 0.002142 0.001017 0.000896 0.001088 0.000729 0.000916 0.000788 0.000642 0.000724 
2705 0.012434 0.007547 0.012149 0.003075 0.003715 0.000640 0.313028 0.007848 0.540922 0.002377 0.000494 0.079714 0.002866 0.000396 0.000381 0.002212 0.000647 0.000392 0.000521 0.006996 0.001642 
19406 0.019399 0.022549 0.906282 0.039265 0.001037 0.000325 0.004983 0.000210 0.002328 0.000986 0.000447 0.000157 0.000170 0.000201 0.000086 0.001097 0.000081 0.000137 0.000084 0.000075 0.000098 
213380 0.977489 0.020169 0.000974 0.000106 0.000429 0.000029 0.000030 0.000041 0.000407 0.000042 0.000030 0.000027 0.000062 0.000023 0.000021 0.000027 0.000019 0.000021 0.000019 0.000015 0.000020 
707 0.001284 0.030178 0.001079 0.010980 0.023299 0.003487 0.002033 0.004343 0.003209 0.004628 0.006586 0.010112 0.875886 0.001962 0.004854 0.005193 0.001804 0.004784 0.002562 0.001078 0.000657 
5732 0.877383 0.021439 0.027442 0.017967 0.040680 0.001011 0.000600 0.000852 0.004283 0.000786 0.002740 0.000453 0.001169 0.000408 0.000385 0.000457 0.000387 0.000421 0.000380 0.000330 0.000426 
2995 0.009745 0.006054 0.002429 0.001103 0.001101 0.000420 0.000452 0.026203 0.001470 0.005909 0.318110 0.046537 0.152530 0.259584 0.000325 0.068445 0.082324 0.000673 0.000998 0.015304 0.000283 
1485 0.005890 0.044914 0.008197 0.002477 0.003518 0.001485 0.001842 0.016507 0.002397 0.877581 0.002258 0.001490 0.006596 0.000523 0.000810 0.001708 0.007576 0.000667 0.007143 0.005998 0.000421 
2665 0.013095 0.008932 0.003753 0.001777 0.002305 0.015944 0.001447 0.002356 0.002144 0.003620 0.002253 0.004216 0.006762 0.006347 0.323658 0.071929 0.002350 0.237614 0.183570 0.024385 0.081540 
85 0.004716 0.789661 0.060871 0.031032 0.033553 0.003343 0.002438 0.003542 0.042081 0.003648 0.001836 0.002876 0.002967 0.001881 0.001579 0.005060 0.001623 0.001539 0.002566 0.001305 0.001884 
5 0.013541 0.270620 0.156052 0.060213 0.150708 0.019330 0.023841 0.033572 0.059245 0.026259 0.017949 0.026551 0.019540 0.015260 0.011250 0.014800 0.015010 0.019178 0.014477 0.014657 0.017945 
24558 0.000246 0.979689 0.007254 0.002738 0.001436 0.000337 0.000315 0.000460 0.004322 0.000405 0.000249 0.000551 0.000374 0.000192 0.000208 0.000208 0.000201 0.000185 0.000204 0.000180 0.000246 
3793 0.001066 0.012327 0.003173 0.002707 0.955521 0.002314 0.000396 0.000731 0.003720 0.001429 0.003280 0.001036 0.006695 0.001985 0.000436 0.001459 0.000296 0.000363 0.000325 0.000259 0.000482 
1576 0.007182 0.030055 0.007905 0.019034 0.054797 0.010614 0.028498 0.007381 0.725226 0.006358 0.008507 0.026755 0.027213 0.006462 0.003096 0.008154 0.004048 0.002394 0.007432 0.005471 0.003416 
12644 0.014960 0.014204 0.102862 0.721634 0.008071 0.007973 0.042815 0.056047 0.003464 0.006575 0.000681 0.006170 0.004035 0.001300 0.000908 0.000936 0.002597 0.001005 0.002521 0.000840 0.000403 
8847 0.009292 0.022368 0.767780 0.186061 0.000332 0.000155 0.011313 0.000150 0.001466 0.000425 0.000067 0.000083 0.000082 0.000056 0.000055 0.000062 0.000050 0.000053 0.000053 0.000043 0.000054 
6 0.050019 0.108889 0.752445 0.055329 0.006752 0.001544 0.006605 0.000951 0.004206 0.002662 0.005055 0.000964 0.000623 0.000475 0.000284 0.000599 0.000407 0.000724 0.000420 0.000447 0.000599 
1197 0.015814 0.900477 0.027358 0.016057 0.008830 0.001242 0.001020 0.001973 0.015406 0.001393 0.000758 0.002055 0.002400 0.000617 0.000644 0.000865 0.000640 0.000629 0.000617 0.000522 0.000682 
3516 0.007819 0.010066 0.002406 0.098538 0.003647 0.003228 0.148995 0.485126 0.005263 0.029292 0.002268 0.106468 0.001248 0.004768 0.006179 0.000917 0.073733 0.001385 0.000724 0.006573 0.001354 
247 0.012021 0.587624 0.135005 0.111808 0.036017 0.007805 0.004854 0.004936 0.056443 0.004370 0.009668 0.005839 0.004906 0.002421 0.002555 0.002628 0.002580 0.002012 0.002567 0.001705 0.002235 
105 0.014932 0.021136 0.019516 0.012279 0.019664 0.375182 0.007559 0.014565 0.044078 0.005917 0.021342 0.009238 0.014796 0.004375 0.138629 0.042108 0.007597 0.089467 0.064691 0.014384 0.058543 
152 0.008104 0.028094 0.003623 0.022248 0.060064 0.036461 0.038950 0.028530 0.024119 0.022936 0.022825 0.039946 0.049874 0.231427 0.031194 0.046209 0.035098 0.084535 0.091978 0.040420 0.053362 
2900 0.008424 0.005147 0.011899 0.011446 0.091776 0.764896 0.002911 0.003463 0.003176 0.005183 0.008097 0.001433 0.001222 0.007964 0.019403 0.005034 0.001356 0.000997 0.001482 0.005612 0.039079 
18 0.653084 0.148365 0.091812 0.038519 0.016940 0.007258 0.006778 0.006644 0.005532 0.003289 0.003195 0.002579 0.002525 0.002347 0.002264 0.001858 0.001667 0.001665 0.001347 0.001171 0.001159 
