38 0.578260 0.007731 0.102863 0.038958 0.056582 0.006303 0.004491 0.005591 0.142252 0.007649 0.011992 0.003765 0.012402 0.003036 0.003097 0.002935 0.002506 0.002639 0.002486 0.002126 0.002332 
9930 0.858283 0.139334 0.001150 0.000154 0.000143 0.000038 0.000041 0.000049 0.000468 0.000043 0.000036 0.000034 0.000038 0.000028 0.000025 0.000030 0.000021 0.000026 0.000023 0.000017 0.000020 
10109 0.019926 0.287485 0.561958 0.116253 0.002222 0.000692 0.001998 0.000812 0.003122 0.000842 0.000453 0.000673 0.000612 0.000386 0.000351 0.000390 0.000355 0.000374 0.000363 0.000319 0.000414 
73546 0.686162 0.310087 0.001620 0.000276 0.000394 0.000061 0.000067 0.000084 0.000693 0.000069 0.000056 0.000054 0.000071 0.000040 0.000038 0.000048 0.000036 0.000040 0.000040 0.000031 0.000031 
13097 0.603529 0.048263 0.312736 0.008806 0.006529 0.001341 0.002930 0.001511 0.002691 0.001957 0.001226 0.001010 0.001789 0.000833 0.000772 0.000891 0.000598 0.000770 0.000664 0.000540 0.000603 
4314 0.012147 0.007383 0.011904 0.003008 0.003660 0.000620 0.322359 0.007720 0.533327 0.002350 0.000482 0.079429 0.002798 0.000387 0.000377 0.002086 0.000632 0.000383 0.000508 0.006780 0.001658 
32017 0.019250 0.022422 0.906575 0.039304 0.001034 0.000326 0.004966 0.000209 0.002322 0.000981 0.000443 0.000156 0.000169 0.000199 0.000086 0.001088 0.000081 0.000136 0.000083 0.000072 0.000097 
242993 0.977326 0.020338 0.000971 0.000106 0.000429 0.000029 0.000030 0.000041 0.000406 0.000041 0.000030 0.000026 0.000062 0.000023 0.000021 0.000027 0.000019 0.000021 0.000019 0.000015 0.000020 
1004 0.001280 0.030165 0.001079 0.010976 0.023287 0.003485 0.002032 0.004347 0.003207 0.004622 0.006582 0.010107 0.875913 0.001967 0.004857 0.005188 0.001813 0.004780 0.002563 0.001093 0.000656 
1367 0.878520 0.021446 0.027674 0.018280 0.038677 0.001094 0.000613 0.000871 0.004347 0.000808 0.002788 0.000464 0.001191 0.000416 0.000389 0.000462 0.000395 0.000429 0.000376 0.000324 0.000435 
3045 0.009732 0.006055 0.002432 0.001106 0.001102 0.000420 0.000453 0.026196 0.001469 0.005904 0.320020 0.046555 0.152496 0.260854 0.000325 0.066063 0.082469 0.000672 0.000998 0.014393 0.000283 
1826 0.005886 0.044862 0.008203 0.002490 0.003492 0.001488 0.001888 0.016508 0.002390 0.877722 0.002253 0.001486 0.006577 0.000526 0.000824 0.001699 0.007581 0.000666 0.007130 0.005909 0.000419 
3510 0.012973 0.008870 0.003733 0.001769 0.002283 0.015845 0.001443 0.002339 0.002133 0.003619 0.002236 0.004224 0.006707 0.006301 0.325277 0.069118 0.002328 0.239112 0.183992 0.023539 0.082157 
70 0.004713 0.789662 0.060873 0.031029 0.033551 0.003343 0.002438 0.003542 0.042082 0.003647 0.001836 0.002876 0.002967 0.001881 0.001579 0.005060 0.001623 0.001539 0.002567 0.001305 0.001884 
11 0.013528 0.270623 0.156054 0.060214 0.150706 0.019332 0.023846 0.033571 0.059241 0.026259 0.017948 0.026550 0.019540 0.015260 0.011250 0.014798 0.015009 0.019178 0.014478 0.014655 0.017959 
37963 0.000245 0.979702 0.007242 0.002756 0.001433 0.000336 0.000314 0.000459 0.004316 0.000404 0.000248 0.000550 0.000373 0.000192 0.000208 0.000207 0.000200 0.000185 0.000204 0.000180 0.000245 
5821 0.001057 0.012304 0.003190 0.002697 0.955588 0.002326 0.000394 0.000728 0.003713 0.001425 0.003274 0.001034 0.006682 0.001981 0.000435 0.001456 0.000295 0.000363 0.000325 0.000253 0.000480 
1958 0.007175 0.030038 0.007910 0.019020 0.054748 0.010605 0.028493 0.007373 0.725528 0.006350 0.008498 0.026678 0.027184 0.006456 0.003093 0.008132 0.004044 0.002391 0.007424 0.005444 0.003416 
18342 0.014851 0.014128 0.102266 0.723431 0.007999 0.007888 0.042439 0.055804 0.003430 0.006572 0.000674 0.006111 0.003999 0.001288 0.000901 0.000927 0.002572 0.000996 0.002499 0.000826 0.000400 
12873 0.009246 0.022280 0.767871 0.186197 0.000327 0.000153 0.011238 0.000150 0.001464 0.000419 0.000067 0.000082 0.000082 0.000055 0.000054 0.000061 0.000050 0.000053 0.000053 0.000043 0.000054 
4 0.050010 0.108894 0.752450 0.055331 0.006748 0.001544 0.006605 0.000951 0.004206 0.002662 0.005055 0.000964 0.000623 0.000475 0.000284 0.000599 0.000407 0.000725 0.000420 0.000447 0.000599 
2066 0.015806 0.900474 0.027348 0.016098 0.008824 0.001241 0.001020 0.001973 0.015398 0.001392 0.000758 0.002054 0.002399 0.000617 0.000643 0.000865 0.000640 0.000629 0.000617 0.000522 0.000682 
4900 0.007781 0.010003 0.002393 0.098056 0.003622 0.003204 0.149828 0.485040 0.005226 0.029180 0.002250 0.106490 0.001248 0.004734 0.006141 0.000912 0.073859 0.001375 0.000719 0.006592 0.001347 
624 0.012004 0.587668 0.134906 0.112010 0.035983 0.007797 0.004858 0.004932 0.056396 0.004366 0.009659 0.005833 0.004901 0.002418 0.002553 0.002626 0.002577 0.002010 0.002565 0.001703 0.002233 
1 0.014931 0.021156 0.019551 0.012294 0.019680 0.375644 0.007555 0.014580 0.044127 0.005917 0.021365 0.009122 0.014803 0.004349 0.138795 0.041930 0.007590 0.089550 0.064758 0.013731 0.058569 
5 0.008087 0.028506 0.003413 0.022380 0.059509 0.025241 0.039448 0.028948 0.024462 0.023209 0.023155 0.040539 0.050616 0.234885 0.031275 0.046890 0.035619 0.085797 0.093353 0.040830 0.053837 
5037 0.006704 0.004890 0.011878 0.011409 0.091021 0.768373 0.002930 0.003398 0.003132 0.005147 0.007942 0.001412 0.001198 0.007813 0.019551 0.004938 0.001330 0.000978 0.001454 0.005630 0.038871 
2643 0.656691 0.047147 0.045869 0.004378 0.230984 0.001394 0.000950 0.000975 0.002206 0.000999 0.000784 0.001499 0.001907 0.000599 0.000453 0.000909 0.000389 0.000754 0.000412 0.000332 0.000360 
1268 0.009479 0.012472 0.003048 0.005222 0.058725 0.029404 0.006993 0.010557 0.016518 0.034703 0.018224 0.020748 0.039697 0.008961 0.009980 0.596912 0.009421 0.010999 0.025437 0.067342 0.005155 
