65 0.578299 0.007719 0.102819 0.038945 0.056561 0.006298 0.004489 0.005597 0.142273 0.007663 0.011986 0.003763 0.012406 0.003035 0.003095 0.002934 0.002504 0.002647 0.002485 0.002141 0.002335 
50496 0.858863 0.138802 0.001126 0.000150 0.000140 0.000037 0.000040 0.000048 0.000462 0.000042 0.000035 0.000033 0.000037 0.000027 0.000024 0.000030 0.000020 0.000025 0.000022 0.000017 0.000020 
13268 0.019740 0.288333 0.561870 0.115788 0.002196 0.000684 0.001978 0.000803 0.003132 0.000834 0.000448 0.000666 0.000605 0.000381 0.000348 0.000386 0.000351 0.000370 0.000359 0.000316 0.000410 
52780 0.684388 0.311752 0.001664 0.000278 0.000410 0.000063 0.000071 0.000087 0.000713 0.000071 0.000058 0.000056 0.000073 0.000042 0.000040 0.000050 0.000037 0.000042 0.000041 0.000032 0.000032 
11171 0.600314 0.051583 0.312009 0.007915 0.007210 0.001326 0.002808 0.001605 0.002918 0.002005 0.001317 0.001076 0.001903 0.000901 0.000798 0.000958 0.000642 0.000807 0.000693 0.000564 0.000638 
1539 0.012651 0.007692 0.012394 0.003134 0.003776 0.000638 0.299673 0.007918 0.553344 0.002327 0.000503 0.080572 0.002918 0.000403 0.000388 0.002172 0.000658 0.000399 0.000530 0.006246 0.001657 
23863 0.019346 0.022507 0.906410 0.039257 0.001039 0.000324 0.004969 0.000210 0.002330 0.000986 0.000446 0.000157 0.000169 0.000200 0.000085 0.001094 0.000081 0.000137 0.000084 0.000072 0.000097 
272173 0.977542 0.020110 0.000969 0.000105 0.000450 0.000029 0.000029 0.000041 0.000401 0.000041 0.000030 0.000026 0.000062 0.000022 0.000020 0.000027 0.000019 0.000021 0.000019 0.000015 0.000020 
993 0.001282 0.030163 0.001078 0.010974 0.023287 0.003485 0.002033 0.004357 0.003208 0.004621 0.006582 0.010109 0.875906 0.001961 0.004860 0.005188 0.001810 0.004782 0.002562 0.001097 0.000656 
3531 0.878862 0.021237 0.027397 0.018047 0.039207 0.001053 0.000600 0.000856 0.004330 0.000814 0.002758 0.000454 0.001181 0.000413 0.000383 0.000457 0.000389 0.000427 0.000372 0.000331 0.000430 
3089 0.009731 0.006049 0.002425 0.001103 0.001102 0.000419 0.000452 0.026190 0.001469 0.005901 0.320173 0.046611 0.152543 0.260720 0.000324 0.066041 0.082285 0.000672 0.000997 0.014508 0.000283 
1968 0.005854 0.044803 0.008261 0.002534 0.003529 0.001493 0.001803 0.016526 0.002384 0.877625 0.002251 0.001491 0.006580 0.000529 0.000829 0.001698 0.007559 0.000672 0.007123 0.006032 0.000421 
2897 0.013062 0.008927 0.003761 0.001775 0.002295 0.015904 0.001449 0.002352 0.002141 0.003619 0.002248 0.004165 0.006749 0.006336 0.324429 0.069533 0.002344 0.238916 0.183855 0.024149 0.081988 
91 0.004715 0.789664 0.060873 0.031029 0.033551 0.003343 0.002438 0.003542 0.042082 0.003648 0.001836 0.002876 0.002967 0.001881 0.001579 0.005060 0.001623 0.001539 0.002566 0.001305 0.001884 
2 0.013537 0.270623 0.156054 0.060215 0.150708 0.019330 0.023842 0.033572 0.059244 0.026260 0.017949 0.026551 0.019541 0.015261 0.011250 0.014799 0.015010 0.019177 0.014477 0.014653 0.017946 
34709 0.000246 0.979695 0.007248 0.002752 0.001434 0.000336 0.000314 0.000459 0.004318 0.000405 0.000248 0.000550 0.000373 0.000192 0.000208 0.000207 0.000201 0.000185 0.000204 0.000180 0.000245 
6261 0.001058 0.012298 0.003185 0.002696 0.955571 0.002339 0.000394 0.000728 0.003719 0.001424 0.003273 0.001033 0.006679 0.001980 0.000439 0.001456 0.000295 0.000364 0.000325 0.000257 0.000487 
1915 0.007178 0.030054 0.007909 0.019020 0.054761 0.010607 0.028482 0.007374 0.725435 0.006354 0.008499 0.026717 0.027188 0.006457 0.003094 0.008135 0.004046 0.002391 0.007423 0.005458 0.003418 
17633 0.014842 0.014152 0.102235 0.723365 0.008002 0.007887 0.042387 0.055896 0.003435 0.006579 0.000675 0.006118 0.004003 0.001289 0.000901 0.000928 0.002575 0.000996 0.002500 0.000833 0.000400 
12213 0.009250 0.022277 0.767887 0.186183 0.000327 0.000153 0.011235 0.000149 0.001463 0.000420 0.000067 0.000082 0.000082 0.000055 0.000054 0.000061 0.000050 0.000053 0.000053 0.000043 0.000054 
64 0.050005 0.108859 0.752436 0.055324 0.006789 0.001562 0.006604 0.000950 0.004205 0.002661 0.005053 0.000963 0.000623 0.000475 0.000287 0.000599 0.000407 0.000724 0.000420 0.000454 0.000600 
3171 0.015800 0.900471 0.027332 0.016142 0.008821 0.001241 0.001019 0.001972 0.015391 0.001392 0.000757 0.002053 0.002398 0.000616 0.000643 0.000865 0.000640 0.000628 0.000617 0.000522 0.000681 
3439 0.007819 0.010071 0.002408 0.098757 0.003650 0.003228 0.146506 0.486927 0.005266 0.029332 0.002268 0.106586 0.001254 0.004770 0.006181 0.000917 0.074134 0.001386 0.000724 0.006461 0.001354 
1337 0.011990 0.587802 0.134688 0.112358 0.035920 0.007783 0.004861 0.004924 0.056305 0.004358 0.009641 0.005823 0.004893 0.002414 0.002549 0.002621 0.002572 0.002007 0.002560 0.001703 0.002229 
2 0.014944 0.021151 0.019539 0.012292 0.019681 0.375640 0.007555 0.014580 0.044126 0.005917 0.021365 0.009122 0.014803 0.004349 0.138794 0.041930 0.007590 0.089549 0.064757 0.013731 0.058582 
1 0.008094 0.028504 0.003410 0.022380 0.059511 0.025242 0.039449 0.028949 0.024462 0.023210 0.023156 0.040540 0.050617 0.234874 0.031275 0.046889 0.035620 0.085796 0.093350 0.040833 0.053839 
4184 0.006658 0.004911 0.012007 0.011439 0.091224 0.767828 0.002912 0.003411 0.003137 0.005165 0.007973 0.001418 0.001204 0.007842 0.019535 0.004957 0.001335 0.000984 0.001462 0.005681 0.038914 
9899 0.653231 0.040755 0.038703 0.003563 0.249330 0.003331 0.000764 0.000794 0.001884 0.000831 0.000639 0.001221 0.001538 0.000487 0.000422 0.000715 0.000316 0.000604 0.000350 0.000230 0.000285 
1359 0.009459 0.012462 0.003041 0.005217 0.058681 0.029387 0.006973 0.010551 0.016519 0.034708 0.018222 0.020860 0.039711 0.008942 0.009970 0.596905 0.009449 0.010984 0.025402 0.067396 0.005155 
3741 0.012536 0.013701 0.020268 0.023521 0.005876 0.003912 0.664172 0.048257 0.044721 0.023282 0.001823 0.087151 0.001596 0.005080 0.002469 0.001214 0.008067 0.000406 0.006929 0.022527 0.002487 
2 0.006441 0.388448 0.114376 0.033413 0.124001 0.012676 0.011144 0.013575 0.172190 0.018801 0.010364 0.017767 0.024574 0.006440 0.006235 0.007638 0.006956 0.006393 0.005856 0.006075 0.006637 
47 0.007664 0.101508 0.061952 0.031802 0.525947 0.018348 0.009519 0.016285 0.036669 0.011726 0.062959 0.017430 0.030166 0.007409 0.007873 0.009622 0.007135 0.007906 0.007620 0.008624 0.011836 
148 0.042337 0.018958 0.008301 0.002590 0.797476 0.040072 0.000990 0.000901 0.024901 0.002235 0.006804 0.003640 0.016850 0.003277 0.000897 0.025707 0.000460 0.000540 0.001335 0.000660 0.001069 
