70 0.578131 0.007735 0.102843 0.038936 0.056558 0.006298 0.004497 0.005588 0.142343 0.007654 0.011986 0.003765 0.012477 0.003035 0.003095 0.002944 0.002504 0.002637 0.002488 0.002148 0.002330 
4747 0.858234 0.139377 0.001151 0.000154 0.000144 0.000038 0.000041 0.000049 0.000470 0.000043 0.000037 0.000034 0.000038 0.000028 0.000025 0.000030 0.000021 0.000026 0.000023 0.000017 0.000020 
14758 0.019635 0.287715 0.562046 0.116409 0.002183 0.000681 0.001980 0.000798 0.003108 0.000829 0.000446 0.000662 0.000603 0.000379 0.000345 0.000384 0.000349 0.000367 0.000357 0.000314 0.000407 
92091 0.685822 0.310520 0.001596 0.000266 0.000379 0.000060 0.000065 0.000083 0.000670 0.000067 0.000055 0.000053 0.000069 0.000040 0.000037 0.000047 0.000035 0.000039 0.000038 0.000030 0.000030 
15758 0.617271 0.044686 0.307224 0.006946 0.005954 0.001133 0.002421 0.001385 0.002385 0.001814 0.001118 0.000912 0.001649 0.000761 0.000669 0.000812 0.000545 0.000684 0.000588 0.000493 0.000540 
1495 0.012624 0.007693 0.012303 0.003147 0.003772 0.000639 0.298709 0.007924 0.554903 0.002328 0.000504 0.080070 0.002921 0.000404 0.000388 0.002176 0.000659 0.000399 0.000533 0.006197 0.001701 
41265 0.019137 0.022361 0.906836 0.039303 0.001024 0.000325 0.004920 0.000208 0.002313 0.000979 0.000440 0.000155 0.000168 0.000198 0.000085 0.001081 0.000080 0.000136 0.000083 0.000072 0.000096 
307844 0.977418 0.020270 0.000962 0.000105 0.000422 0.000029 0.000030 0.000040 0.000402 0.000041 0.000030 0.000026 0.000062 0.000022 0.000020 0.000027 0.000019 0.000021 0.000019 0.000015 0.000020 
1729 0.001286 0.030127 0.001088 0.010962 0.023263 0.003481 0.002031 0.004360 0.003204 0.004620 0.006573 0.010095 0.875938 0.001971 0.004863 0.005184 0.001828 0.004794 0.002563 0.001114 0.000655 
223 0.878477 0.021536 0.027777 0.018336 0.038499 0.001031 0.000609 0.000870 0.004368 0.000802 0.002803 0.000462 0.001197 0.000418 0.000389 0.000464 0.000396 0.000429 0.000378 0.000326 0.000432 
5383 0.009532 0.005952 0.002389 0.001084 0.001080 0.000412 0.000443 0.025713 0.001440 0.005786 0.323694 0.046615 0.150162 0.261980 0.000318 0.064898 0.082391 0.000659 0.000978 0.014194 0.000278 
2492 0.005876 0.044697 0.008210 0.002505 0.003513 0.001468 0.001815 0.016551 0.002391 0.877875 0.002244 0.001480 0.006589 0.000521 0.000802 0.001692 0.007647 0.000684 0.007101 0.005920 0.000418 
3608 0.012973 0.008878 0.003741 0.001768 0.002291 0.015811 0.001444 0.002337 0.002125 0.003645 0.002234 0.004138 0.006757 0.006301 0.324759 0.069157 0.002325 0.239164 0.184677 0.023920 0.081550 
117 0.004713 0.789656 0.060871 0.031031 0.033558 0.003345 0.002438 0.003543 0.042079 0.003647 0.001836 0.002876 0.002967 0.001881 0.001579 0.005060 0.001623 0.001539 0.002566 0.001305 0.001885 
18 0.013526 0.270632 0.156055 0.060213 0.150710 0.019331 0.023843 0.033570 0.059241 0.026258 0.017947 0.026549 0.019539 0.015260 0.011251 0.014797 0.015010 0.019176 0.014477 0.014667 0.017946 
47981 0.000245 0.979718 0.007238 0.002761 0.001431 0.000336 0.000314 0.000458 0.004309 0.000404 0.000248 0.000549 0.000372 0.000191 0.000207 0.000207 0.000200 0.000184 0.000203 0.000179 0.000245 
5814 0.001056 0.012302 0.003205 0.002697 0.955537 0.002348 0.000392 0.000728 0.003715 0.001428 0.003274 0.001034 0.006683 0.001981 0.000440 0.001456 0.000295 0.000364 0.000327 0.000257 0.000479 
2234 0.007156 0.030013 0.007895 0.019011 0.054707 0.010597 0.028475 0.007369 0.725634 0.006350 0.008493 0.026730 0.027171 0.006456 0.003091 0.008127 0.004041 0.002389 0.007421 0.005459 0.003414 
24604 0.014677 0.014032 0.101832 0.725499 0.007919 0.007816 0.041866 0.055499 0.003394 0.006492 0.000667 0.006047 0.003955 0.001276 0.000889 0.000918 0.002549 0.000984 0.002471 0.000823 0.000395 
16503 0.009189 0.022196 0.767885 0.186428 0.000326 0.000152 0.011152 0.000149 0.001453 0.000419 0.000066 0.000082 0.000081 0.000055 0.000054 0.000061 0.000050 0.000053 0.000052 0.000044 0.000054 
91 0.049991 0.108857 0.752459 0.055316 0.006799 0.001558 0.006603 0.000951 0.004205 0.002662 0.005053 0.000963 0.000623 0.000475 0.000284 0.000599 0.000407 0.000724 0.000420 0.000447 0.000602 
2276 0.015807 0.900465 0.027345 0.016106 0.008828 0.001241 0.001020 0.001973 0.015399 0.001392 0.000758 0.002054 0.002399 0.000617 0.000643 0.000865 0.000640 0.000628 0.000617 0.000522 0.000682 
4719 0.007760 0.010009 0.002395 0.098163 0.003625 0.003207 0.145918 0.488280 0.005239 0.029227 0.002254 0.106586 0.001246 0.004741 0.006140 0.000911 0.074441 0.001377 0.000720 0.006414 0.001345 
260 0.012019 0.587640 0.135011 0.111778 0.036023 0.007807 0.004853 0.004936 0.056444 0.004370 0.009668 0.005839 0.004906 0.002421 0.002556 0.002629 0.002580 0.002012 0.002567 0.001705 0.002235 
1 0.014931 0.021156 0.019547 0.012295 0.019680 0.375641 0.007555 0.014581 0.044126 0.005917 0.021366 0.009122 0.014803 0.004349 0.138799 0.041931 0.007590 0.089550 0.064758 0.013731 0.058569 
4 0.008086 0.028506 0.003413 0.022381 0.059510 0.025241 0.039449 0.028949 0.024462 0.023209 0.023156 0.040539 0.050619 0.234874 0.031275 0.046889 0.035619 0.085795 0.093359 0.040829 0.053838 
5643 0.006804 0.004885 0.012019 0.011376 0.091232 0.768069 0.002906 0.003389 0.003129 0.005172 0.007921 0.001406 0.001195 0.007792 0.019569 0.004925 0.001326 0.000976 0.001450 0.005696 0.038761 
6021 0.660933 0.043861 0.042873 0.003971 0.233733 0.001703 0.000872 0.000890 0.002089 0.000934 0.000710 0.001355 0.001710 0.000542 0.000560 0.000810 0.000352 0.000975 0.000441 0.000333 0.000344 
1737 0.009435 0.012426 0.003037 0.005207 0.058541 0.029311 0.006957 0.010525 0.016504 0.034597 0.018228 0.020800 0.039598 0.008956 0.009945 0.597620 0.009393 0.010962 0.025489 0.067333 0.005134 
5489 0.012250 0.013375 0.019763 0.023015 0.005735 0.003822 0.668257 0.048070 0.043935 0.022743 0.001782 0.087500 0.001570 0.004970 0.002429 0.001187 0.007895 0.000397 0.006785 0.022048 0.002466 
1 0.006439 0.388449 0.114377 0.033413 0.124000 0.012676 0.011144 0.013575 0.172190 0.018802 0.010364 0.017767 0.024574 0.006440 0.006235 0.007638 0.006956 0.006393 0.005856 0.006075 0.006637 
