99 0.578261 0.007724 0.102785 0.038910 0.056538 0.006333 0.004494 0.005594 0.142229 0.007694 0.011978 0.003760 0.012412 0.003083 0.003113 0.002931 0.002503 0.002672 0.002499 0.002130 0.002352 
15807 0.858379 0.139244 0.001148 0.000153 0.000143 0.000037 0.000040 0.000049 0.000467 0.000043 0.000036 0.000034 0.000038 0.000028 0.000025 0.000030 0.000021 0.000026 0.000023 0.000017 0.000020 
8377 0.020048 0.286988 0.562826 0.115618 0.002235 0.000699 0.002018 0.000818 0.003183 0.000845 0.000456 0.000681 0.000617 0.000388 0.000353 0.000393 0.000357 0.000376 0.000365 0.000321 0.000416 
54781 0.686981 0.309165 0.001657 0.000276 0.000409 0.000065 0.000069 0.000087 0.000720 0.000071 0.000058 0.000056 0.000073 0.000042 0.000039 0.000049 0.000037 0.000041 0.000041 0.000032 0.000032 
7989 0.590426 0.054864 0.313514 0.009032 0.008123 0.001543 0.003151 0.001901 0.003190 0.002430 0.001507 0.001231 0.002205 0.001024 0.000914 0.001096 0.000753 0.000924 0.000794 0.000634 0.000729 
881 0.012738 0.007747 0.012529 0.003165 0.003806 0.000644 0.300729 0.007997 0.552730 0.002354 0.000508 0.079498 0.002948 0.000407 0.000392 0.002194 0.000665 0.000403 0.000535 0.006332 0.001676 
14952 0.019455 0.022599 0.906281 0.039174 0.001023 0.000325 0.004967 0.000211 0.002338 0.000990 0.000448 0.000158 0.000169 0.000202 0.000086 0.001101 0.000082 0.000138 0.000084 0.000072 0.000098 
137886 0.977207 0.020436 0.000981 0.000107 0.000431 0.000030 0.000030 0.000041 0.000407 0.000041 0.000031 0.000027 0.000063 0.000023 0.000021 0.000027 0.000019 0.000021 0.000020 0.000015 0.000020 
393 0.001281 0.030197 0.001079 0.010987 0.023313 0.003489 0.002035 0.004347 0.003211 0.004624 0.006589 0.010118 0.875859 0.001957 0.004858 0.005190 0.001801 0.004777 0.002562 0.001068 0.000657 
563 0.878407 0.021536 0.027757 0.018314 0.038574 0.001046 0.000609 0.000869 0.004376 0.000811 0.002798 0.000461 0.001203 0.000419 0.000390 0.000463 0.000395 0.000429 0.000382 0.000329 0.000432 
1245 0.009892 0.006154 0.002468 0.001120 0.001118 0.000426 0.000459 0.026590 0.001492 0.005994 0.318118 0.046278 0.154493 0.259689 0.000329 0.066547 0.082256 0.000683 0.001013 0.014590 0.000287 
842 0.005858 0.045081 0.008232 0.002484 0.003525 0.001481 0.001811 0.016449 0.002406 0.877682 0.002266 0.001495 0.006620 0.000522 0.000774 0.001709 0.007589 0.000667 0.007171 0.005757 0.000419 
1362 0.013216 0.009036 0.003803 0.001797 0.002314 0.016113 0.001468 0.002383 0.002175 0.003659 0.002279 0.004178 0.006807 0.006421 0.323618 0.070438 0.002372 0.238845 0.184350 0.023624 0.081102 
62 0.004714 0.789660 0.060872 0.031027 0.033551 0.003344 0.002438 0.003542 0.042081 0.003648 0.001836 0.002876 0.002967 0.001881 0.001582 0.005060 0.001623 0.001540 0.002567 0.001305 0.001885 
3 0.013533 0.270630 0.156055 0.060215 0.150704 0.019330 0.023842 0.033574 0.059244 0.026259 0.017950 0.026551 0.019541 0.015264 0.011250 0.014799 0.015010 0.019177 0.014477 0.014648 0.017946 
19115 0.000246 0.979682 0.007259 0.002728 0.001438 0.000337 0.000315 0.000460 0.004329 0.000406 0.000249 0.000552 0.000374 0.000192 0.000208 0.000208 0.000201 0.000185 0.000204 0.000180 0.000246 
2259 0.001063 0.012314 0.003149 0.002705 0.955550 0.002315 0.000393 0.000731 0.003724 0.001428 0.003285 0.001037 0.006703 0.001987 0.000434 0.001461 0.000296 0.000363 0.000326 0.000255 0.000480 
1064 0.007183 0.030104 0.007929 0.019063 0.054859 0.010627 0.028526 0.007390 0.725040 0.006365 0.008517 0.026684 0.027245 0.006470 0.003100 0.008151 0.004053 0.002396 0.007440 0.005436 0.003417 
9397 0.015031 0.014239 0.103041 0.720756 0.008111 0.007997 0.042872 0.056309 0.003486 0.006644 0.000684 0.006204 0.004058 0.001308 0.000911 0.000941 0.002611 0.001010 0.002535 0.000844 0.000406 
9390 0.009282 0.022347 0.767806 0.186079 0.000330 0.000153 0.011305 0.000150 0.001467 0.000423 0.000067 0.000083 0.000082 0.000056 0.000055 0.000062 0.000050 0.000053 0.000053 0.000043 0.000054 
110 0.049990 0.108857 0.752424 0.055321 0.006808 0.001557 0.006609 0.000950 0.004205 0.002660 0.005052 0.000963 0.000623 0.000475 0.000304 0.000598 0.000407 0.000725 0.000420 0.000449 0.000600 
870 0.015815 0.900486 0.027360 0.016040 0.008830 0.001242 0.001020 0.001974 0.015408 0.001393 0.000758 0.002055 0.002401 0.000617 0.000644 0.000866 0.000640 0.000629 0.000618 0.000522 0.000682 
1982 0.007875 0.010149 0.002428 0.099230 0.003677 0.003253 0.147080 0.486031 0.005305 0.029464 0.002284 0.106262 0.001256 0.004806 0.006227 0.000924 0.073789 0.001396 0.000730 0.006467 0.001365 
82 0.012023 0.587597 0.135056 0.111716 0.036033 0.007808 0.004855 0.004938 0.056465 0.004372 0.009673 0.005842 0.004909 0.002422 0.002557 0.002629 0.002581 0.002013 0.002568 0.001706 0.002236 
1 0.014938 0.021156 0.019544 0.012292 0.019679 0.375646 0.007555 0.014580 0.044128 0.005917 0.021365 0.009122 0.014803 0.004349 0.138796 0.041930 0.007590 0.089550 0.064758 0.013731 0.058569 
3 0.008091 0.028506 0.003412 0.022380 0.059510 0.025241 0.039449 0.028949 0.024463 0.023209 0.023155 0.040539 0.050617 0.234872 0.031277 0.046889 0.035621 0.085795 0.093349 0.040832 0.053842 
2038 0.006653 0.004955 0.012045 0.011475 0.091058 0.767329 0.002923 0.003443 0.003169 0.005214 0.008050 0.001438 0.001214 0.007918 0.019526 0.005005 0.001348 0.000991 0.001474 0.005706 0.039064 
3532 0.658723 0.046977 0.045149 0.004249 0.230123 0.001344 0.000913 0.000948 0.002193 0.000987 0.000762 0.001499 0.001847 0.000582 0.000443 0.000892 0.000393 0.000799 0.000470 0.000331 0.000368 
510 0.009512 0.012535 0.003061 0.005247 0.059011 0.029554 0.007015 0.010614 0.016599 0.034882 0.018197 0.020678 0.039873 0.008942 0.010030 0.596990 0.009390 0.011019 0.025375 0.066293 0.005180 
2049 0.012798 0.013938 0.020505 0.023961 0.005963 0.003962 0.660788 0.048421 0.045663 0.023605 0.001861 0.087566 0.001631 0.005192 0.002548 0.001240 0.008219 0.000418 0.007082 0.022091 0.002543 
14 0.007663 0.101509 0.061946 0.031801 0.525943 0.018347 0.009520 0.016286 0.036670 0.011726 0.062964 0.017431 0.030168 0.007409 0.007873 0.009623 0.007136 0.007907 0.007621 0.008621 0.011835 
79 0.652485 0.148747 0.092030 0.038545 0.016954 0.007255 0.006789 0.006650 0.005529 0.003282 0.003188 0.002574 0.002523 0.002340 0.002257 0.001854 0.001665 0.001665 0.001348 0.001164 0.001157 
