127 0.578108 0.007734 0.102775 0.038963 0.056563 0.006291 0.004557 0.005611 0.142372 0.007640 0.011973 0.003841 0.012370 0.003031 0.003092 0.002940 0.002506 0.002635 0.002482 0.002183 0.002328 
20579 0.858451 0.139180 0.001143 0.000153 0.000143 0.000037 0.000040 0.000048 0.000466 0.000043 0.000036 0.000034 0.000038 0.000027 0.000025 0.000030 0.000021 0.000026 0.000023 0.000017 0.000020 
14106 0.019693 0.288018 0.562240 0.115760 0.002194 0.000683 0.002015 0.000803 0.003140 0.000831 0.000447 0.000663 0.000605 0.000380 0.000345 0.000385 0.000350 0.000368 0.000358 0.000314 0.000408 
92410 0.686715 0.309596 0.001600 0.000264 0.000395 0.000059 0.000067 0.000082 0.000685 0.000066 0.000055 0.000053 0.000069 0.000039 0.000037 0.000046 0.000035 0.000039 0.000038 0.000030 0.000030 
15922 0.588714 0.049705 0.327745 0.007982 0.006840 0.001122 0.003430 0.001365 0.002569 0.001796 0.001107 0.000914 0.001653 0.000753 0.000663 0.000805 0.000540 0.000679 0.000583 0.000488 0.000536 
2755 0.012374 0.007533 0.012194 0.003075 0.003692 0.000624 0.312973 0.007820 0.542048 0.002306 0.000492 0.079207 0.002855 0.000395 0.000379 0.002125 0.000658 0.000390 0.000519 0.006665 0.001673 
29537 0.019282 0.022481 0.906465 0.039285 0.001037 0.000324 0.004983 0.000209 0.002329 0.000990 0.000444 0.000156 0.000170 0.000200 0.000085 0.001090 0.000081 0.000136 0.000083 0.000072 0.000097 
247165 0.977290 0.020368 0.000971 0.000106 0.000435 0.000029 0.000030 0.000041 0.000408 0.000041 0.000030 0.000026 0.000062 0.000023 0.000021 0.000027 0.000019 0.000021 0.000019 0.000015 0.000020 
878 0.001280 0.030170 0.001079 0.010978 0.023293 0.003486 0.002034 0.004345 0.003208 0.004626 0.006583 0.010109 0.875881 0.001967 0.004857 0.005189 0.001816 0.004790 0.002561 0.001091 0.000657 
5017 0.878132 0.021234 0.027162 0.017821 0.040642 0.001005 0.000606 0.000844 0.004266 0.000793 0.002718 0.000450 0.001159 0.000408 0.000387 0.000452 0.000388 0.000420 0.000367 0.000322 0.000422 
2864 0.009754 0.006060 0.002433 0.001105 0.001103 0.000420 0.000453 0.026213 0.001473 0.005903 0.319676 0.046254 0.152713 0.260933 0.000325 0.066549 0.081993 0.000674 0.000999 0.014681 0.000283 
1893 0.005883 0.044829 0.008299 0.002510 0.003528 0.001488 0.001864 0.016523 0.002388 0.877577 0.002252 0.001486 0.006600 0.000527 0.000824 0.001698 0.007590 0.000668 0.007125 0.005922 0.000416 
2682 0.013119 0.008970 0.003760 0.001777 0.002299 0.016019 0.001449 0.002356 0.002144 0.003639 0.002256 0.004156 0.006744 0.006350 0.324213 0.070152 0.002345 0.239095 0.184556 0.023534 0.081064 
49 0.004714 0.789659 0.060872 0.031027 0.033556 0.003343 0.002438 0.003543 0.042081 0.003648 0.001836 0.002876 0.002968 0.001881 0.001579 0.005060 0.001623 0.001540 0.002567 0.001305 0.001884 
38 0.013528 0.270591 0.156077 0.060207 0.150730 0.019330 0.023848 0.033565 0.059234 0.026258 0.017945 0.026545 0.019536 0.015257 0.011249 0.014795 0.015007 0.019175 0.014476 0.014701 0.017943 
33039 0.000246 0.979697 0.007250 0.002744 0.001435 0.000337 0.000315 0.000459 0.004320 0.000405 0.000248 0.000551 0.000373 0.000192 0.000208 0.000207 0.000201 0.000185 0.000204 0.000180 0.000245 
5415 0.001086 0.012319 0.003207 0.002698 0.955479 0.002343 0.000393 0.000729 0.003717 0.001427 0.003276 0.001034 0.006684 0.001981 0.000438 0.001458 0.000295 0.000365 0.000326 0.000261 0.000485 
2146 0.007181 0.030037 0.007917 0.019007 0.054731 0.010600 0.028473 0.007368 0.725563 0.006351 0.008496 0.026693 0.027173 0.006453 0.003092 0.008129 0.004042 0.002390 0.007420 0.005452 0.003432 
17883 0.014841 0.014108 0.102219 0.722872 0.007998 0.007886 0.042958 0.055857 0.003436 0.006610 0.000674 0.006115 0.004000 0.001289 0.000898 0.000928 0.002574 0.000996 0.002499 0.000840 0.000400 
13540 0.009233 0.022233 0.767947 0.186153 0.000328 0.000153 0.011273 0.000149 0.001458 0.000419 0.000066 0.000082 0.000082 0.000055 0.000054 0.000061 0.000050 0.000053 0.000053 0.000043 0.000054 
91 0.049992 0.108855 0.752446 0.055331 0.006796 0.001551 0.006616 0.000950 0.004206 0.002661 0.005052 0.000963 0.000623 0.000475 0.000284 0.000598 0.000407 0.000724 0.000420 0.000449 0.000599 
2853 0.015802 0.900453 0.027339 0.016137 0.008824 0.001241 0.001021 0.001972 0.015397 0.001392 0.000757 0.002053 0.002399 0.000617 0.000643 0.000865 0.000640 0.000628 0.000617 0.000522 0.000682 
4347 0.007788 0.010020 0.002399 0.098224 0.003627 0.003209 0.149722 0.485197 0.005240 0.029268 0.002252 0.106452 0.001241 0.004741 0.006143 0.000911 0.073602 0.001377 0.000720 0.006519 0.001346 
246 0.012018 0.587597 0.135014 0.111802 0.036030 0.007806 0.004861 0.004937 0.056447 0.004370 0.009668 0.005839 0.004906 0.002421 0.002555 0.002628 0.002580 0.002012 0.002567 0.001706 0.002235 
3 0.014936 0.021155 0.019544 0.012292 0.019679 0.375642 0.007555 0.014579 0.044125 0.005920 0.021365 0.009121 0.014802 0.004349 0.138794 0.041929 0.007590 0.089552 0.064760 0.013741 0.058567 
55 0.008084 0.028482 0.003409 0.022361 0.059474 0.025224 0.039429 0.028924 0.024448 0.023198 0.023136 0.040592 0.050595 0.234684 0.031260 0.046866 0.035599 0.085783 0.093330 0.041236 0.053884 
4233 0.006718 0.004914 0.012072 0.011427 0.091232 0.767325 0.002956 0.003409 0.003147 0.005206 0.007970 0.001416 0.001205 0.007840 0.019580 0.004956 0.001334 0.000982 0.001464 0.005780 0.039065 
5534 0.648860 0.047631 0.045316 0.004223 0.237985 0.001379 0.000992 0.000950 0.002212 0.000979 0.000776 0.001498 0.001874 0.000582 0.000476 0.001645 0.000399 0.000752 0.000451 0.000650 0.000362 
1235 0.009484 0.012488 0.003055 0.005227 0.058833 0.029454 0.007021 0.010570 0.016553 0.034762 0.018331 0.020628 0.039813 0.008997 0.009994 0.597167 0.009422 0.011019 0.025373 0.066648 0.005160 
1777 0.012968 0.014101 0.020749 0.024302 0.006037 0.004023 0.658448 0.048093 0.045905 0.023833 0.001883 0.088081 0.001650 0.005252 0.002554 0.001255 0.008322 0.000420 0.007163 0.022441 0.002518 
5 0.652408 0.148651 0.092113 0.038582 0.016968 0.007257 0.006812 0.006641 0.005539 0.003291 0.003188 0.002573 0.002521 0.002343 0.002258 0.001857 0.001661 0.001664 0.001347 0.001170 0.001155 
