424 0.578554 0.007645 0.102526 0.038681 0.056321 0.006255 0.004467 0.005565 0.143372 0.007608 0.011911 0.003747 0.012304 0.003015 0.003074 0.002913 0.002488 0.002620 0.002468 0.002142 0.002318 
42680 0.858988 0.138660 0.001134 0.000151 0.000144 0.000037 0.000040 0.000048 0.000465 0.000042 0.000036 0.000033 0.000037 0.000027 0.000024 0.000030 0.000020 0.000025 0.000022 0.000017 0.000020 
10686 0.020099 0.286775 0.563092 0.115619 0.002231 0.000690 0.002018 0.000811 0.003140 0.000845 0.000452 0.000672 0.000611 0.000385 0.000350 0.000390 0.000354 0.000373 0.000362 0.000318 0.000413 
41645 0.686488 0.309511 0.001730 0.000284 0.000437 0.000065 0.000073 0.000089 0.000739 0.000073 0.000059 0.000057 0.000075 0.000043 0.000040 0.000051 0.000038 0.000042 0.000042 0.000032 0.000033 
28242 0.589463 0.050544 0.334161 0.005080 0.006292 0.000788 0.001882 0.000959 0.002983 0.001683 0.000786 0.000642 0.001135 0.000542 0.000470 0.000572 0.000383 0.000482 0.000414 0.000351 0.000380 
2286 0.012560 0.007558 0.012657 0.003096 0.003738 0.000639 0.305389 0.007945 0.548354 0.002388 0.000495 0.079641 0.002878 0.000398 0.000382 0.002143 0.000658 0.000393 0.000522 0.006500 0.001660 
23694 0.019397 0.022500 0.906228 0.039234 0.001048 0.000330 0.005054 0.000211 0.002352 0.001021 0.000446 0.000157 0.000169 0.000200 0.000085 0.001094 0.000081 0.000137 0.000084 0.000074 0.000098 
352081 0.977666 0.020006 0.000962 0.000104 0.000438 0.000029 0.000029 0.000040 0.000407 0.000040 0.000030 0.000026 0.000061 0.000022 0.000020 0.000026 0.000019 0.000021 0.000019 0.000015 0.000019 
1187 0.001291 0.030153 0.001076 0.010970 0.023282 0.003485 0.002033 0.004346 0.003206 0.004625 0.006580 0.010103 0.875937 0.001975 0.004856 0.005197 0.001797 0.004781 0.002569 0.001081 0.000657 
12602 0.878520 0.020787 0.026350 0.017047 0.042887 0.000960 0.000566 0.000811 0.004148 0.000766 0.002605 0.000429 0.001111 0.000388 0.000363 0.000434 0.000368 0.000401 0.000352 0.000304 0.000401 
3037 0.009765 0.006036 0.002426 0.001099 0.001101 0.000419 0.000451 0.026283 0.001469 0.005923 0.317258 0.046910 0.152771 0.262607 0.000324 0.066670 0.081813 0.000672 0.000997 0.014722 0.000283 
2717 0.006035 0.044651 0.008650 0.002528 0.003535 0.001482 0.001863 0.016600 0.002380 0.877012 0.002241 0.001478 0.006616 0.000540 0.000773 0.001690 0.007601 0.000665 0.007089 0.006149 0.000419 
1737 0.013232 0.008980 0.003788 0.001786 0.002308 0.016122 0.001460 0.002375 0.002167 0.003633 0.002271 0.004167 0.006782 0.006402 0.323243 0.070405 0.002364 0.240231 0.183565 0.023765 0.080953 
390 0.004716 0.789676 0.060872 0.031030 0.033553 0.003342 0.002438 0.003541 0.042075 0.003647 0.001836 0.002875 0.002967 0.001881 0.001579 0.005059 0.001622 0.001538 0.002566 0.001305 0.001884 
8 0.013555 0.270603 0.156065 0.060209 0.150710 0.019331 0.023841 0.033571 0.059243 0.026260 0.017948 0.026550 0.019541 0.015260 0.011250 0.014798 0.015010 0.019177 0.014476 0.014652 0.017945 
8716 0.000247 0.979657 0.007276 0.002720 0.001441 0.000338 0.000315 0.000461 0.004333 0.000406 0.000249 0.000553 0.000375 0.000193 0.000209 0.000208 0.000201 0.000186 0.000205 0.000181 0.000246 
3896 0.001089 0.012291 0.003191 0.002701 0.955478 0.002341 0.000392 0.000730 0.003722 0.001429 0.003280 0.001036 0.006696 0.001984 0.000441 0.001460 0.000296 0.000364 0.000325 0.000267 0.000486 
2293 0.007210 0.030003 0.007926 0.019005 0.054728 0.010595 0.028468 0.007366 0.725598 0.006352 0.008491 0.026674 0.027164 0.006453 0.003091 0.008136 0.004042 0.002389 0.007416 0.005470 0.003421 
8828 0.015055 0.014235 0.103835 0.719302 0.008118 0.007997 0.042988 0.056682 0.003488 0.006762 0.000685 0.006210 0.004062 0.001309 0.000911 0.000942 0.002616 0.001011 0.002538 0.000847 0.000406 
11057 0.009293 0.022325 0.767771 0.186031 0.000330 0.000156 0.011394 0.000151 0.001462 0.000431 0.000067 0.000083 0.000082 0.000055 0.000055 0.000062 0.000050 0.000053 0.000053 0.000044 0.000054 
401 0.049969 0.108745 0.752423 0.055304 0.006892 0.001591 0.006610 0.000956 0.004202 0.002678 0.005047 0.000962 0.000626 0.000474 0.000283 0.000598 0.000407 0.000723 0.000420 0.000492 0.000599 
1291 0.015816 0.900484 0.027366 0.016032 0.008835 0.001242 0.001021 0.001974 0.015408 0.001393 0.000758 0.002055 0.002400 0.000617 0.000644 0.000865 0.000640 0.000629 0.000617 0.000522 0.000682 
3063 0.007850 0.010090 0.002419 0.099028 0.003655 0.003233 0.148271 0.484728 0.005285 0.029619 0.002268 0.106382 0.001252 0.004777 0.006189 0.000918 0.074122 0.001388 0.000725 0.006443 0.001356 
23 0.012035 0.587591 0.135079 0.111657 0.036042 0.007809 0.004857 0.004939 0.056478 0.004373 0.009674 0.005843 0.004909 0.002422 0.002557 0.002630 0.002581 0.002014 0.002569 0.001706 0.002237 
21 0.008103 0.028480 0.003408 0.022365 0.059487 0.025228 0.039435 0.028932 0.024453 0.023203 0.023142 0.040541 0.050610 0.234753 0.031266 0.046869 0.035605 0.085804 0.093362 0.041104 0.053847 
3003 0.006856 0.004922 0.012381 0.011433 0.091483 0.766391 0.002946 0.003427 0.003163 0.005207 0.008013 0.001420 0.001211 0.007882 0.019643 0.004985 0.001342 0.000991 0.001467 0.005848 0.038987 
9310 0.643191 0.043801 0.045543 0.003948 0.248582 0.001805 0.000889 0.000878 0.002215 0.000934 0.000716 0.001370 0.001714 0.000550 0.000428 0.001176 0.000355 0.000691 0.000397 0.000505 0.000306 
966 0.009515 0.012484 0.003053 0.005230 0.058895 0.029492 0.007011 0.010586 0.016582 0.034820 0.018239 0.020698 0.039836 0.009006 0.010006 0.597137 0.009372 0.011005 0.025256 0.066608 0.005167 
1380 0.013015 0.014071 0.021005 0.024252 0.006062 0.004013 0.657292 0.048459 0.046020 0.023903 0.001884 0.088078 0.001651 0.005256 0.002558 0.001256 0.008332 0.000420 0.007169 0.022777 0.002523 
2 0.006445 0.388445 0.114375 0.033411 0.124003 0.012678 0.011143 0.013575 0.172187 0.018801 0.010363 0.017767 0.024573 0.006440 0.006237 0.007638 0.006956 0.006393 0.005856 0.006075 0.006637 
59 0.007671 0.101499 0.061949 0.031799 0.525946 0.018346 0.009520 0.016285 0.036672 0.011726 0.062962 0.017431 0.030168 0.007409 0.007873 0.009623 0.007135 0.007906 0.007620 0.008624 0.011835 
