61 0.578226 0.007719 0.102879 0.038935 0.056579 0.006301 0.004488 0.005588 0.142278 0.007665 0.011988 0.003763 0.012395 0.003035 0.003105 0.002933 0.002505 0.002638 0.002485 0.002160 0.002330 
57075 0.858734 0.138936 0.001125 0.000149 0.000140 0.000036 0.000040 0.000047 0.000461 0.000042 0.000035 0.000033 0.000037 0.000027 0.000024 0.000029 0.000020 0.000025 0.000022 0.000016 0.000019 
11923 0.019844 0.287616 0.562516 0.115673 0.002202 0.000688 0.002009 0.000807 0.003144 0.000839 0.000450 0.000671 0.000608 0.000383 0.000348 0.000388 0.000353 0.000371 0.000361 0.000317 0.000411 
54167 0.685102 0.311023 0.001683 0.000277 0.000408 0.000063 0.000072 0.000087 0.000713 0.000071 0.000058 0.000056 0.000073 0.000042 0.000039 0.000049 0.000037 0.000041 0.000041 0.000032 0.000032 
11111 0.588897 0.061503 0.313416 0.007823 0.007087 0.001310 0.002793 0.001620 0.002967 0.002239 0.001321 0.001080 0.001916 0.000898 0.000791 0.000961 0.000644 0.000809 0.000696 0.000577 0.000640 
1890 0.012738 0.007721 0.012483 0.003155 0.003788 0.000641 0.301621 0.007967 0.551881 0.002353 0.000506 0.079556 0.002937 0.000405 0.000390 0.002188 0.000663 0.000401 0.000533 0.006400 0.001668 
20232 0.019420 0.022575 0.906210 0.039292 0.001028 0.000326 0.004974 0.000211 0.002340 0.000994 0.000447 0.000157 0.000170 0.000201 0.000086 0.001097 0.000081 0.000137 0.000084 0.000072 0.000098 
215654 0.977383 0.020274 0.000970 0.000106 0.000439 0.000030 0.000030 0.000041 0.000403 0.000041 0.000030 0.000027 0.000062 0.000023 0.000021 0.000027 0.000019 0.000021 0.000019 0.000015 0.000020 
513 0.001287 0.030192 0.001075 0.010984 0.023309 0.003489 0.002034 0.004343 0.003210 0.004628 0.006588 0.010116 0.875850 0.001960 0.004859 0.005193 0.001802 0.004782 0.002563 0.001079 0.000657 
3783 0.878694 0.021421 0.027673 0.018194 0.038737 0.001025 0.000604 0.000864 0.004342 0.000810 0.002781 0.000458 0.001184 0.000419 0.000386 0.000461 0.000392 0.000426 0.000375 0.000324 0.000428 
1573 0.009876 0.006139 0.002459 0.001119 0.001115 0.000424 0.000457 0.026525 0.001490 0.005986 0.318830 0.046320 0.154083 0.259663 0.000328 0.066437 0.082217 0.000682 0.001010 0.014548 0.000287 
1209 0.005935 0.045004 0.008287 0.002508 0.003522 0.001477 0.001817 0.016503 0.002400 0.877528 0.002266 0.001492 0.006611 0.000529 0.000762 0.001710 0.007593 0.000669 0.007156 0.005812 0.000419 
1511 0.013214 0.009012 0.003791 0.001792 0.002306 0.016096 0.001462 0.002379 0.002165 0.003674 0.002274 0.004173 0.006801 0.006410 0.324172 0.070319 0.002367 0.238375 0.183964 0.023693 0.081557 
115 0.004716 0.789660 0.060873 0.031028 0.033553 0.003343 0.002438 0.003542 0.042083 0.003648 0.001836 0.002875 0.002968 0.001881 0.001579 0.005060 0.001622 0.001539 0.002566 0.001306 0.001884 
2 0.013544 0.270622 0.156056 0.060213 0.150705 0.019331 0.023842 0.033572 0.059244 0.026259 0.017949 0.026551 0.019541 0.015260 0.011253 0.014799 0.015010 0.019177 0.014477 0.014648 0.017946 
21438 0.000246 0.979671 0.007268 0.002732 0.001437 0.000337 0.000315 0.000460 0.004328 0.000406 0.000249 0.000552 0.000374 0.000192 0.000208 0.000208 0.000201 0.000185 0.000204 0.000180 0.000246 
2410 0.001068 0.012311 0.003156 0.002705 0.955522 0.002329 0.000393 0.000731 0.003725 0.001430 0.003285 0.001037 0.006703 0.001987 0.000436 0.001461 0.000296 0.000364 0.000326 0.000255 0.000480 
1198 0.007183 0.030107 0.007919 0.019059 0.054844 0.010625 0.028519 0.007386 0.725079 0.006364 0.008514 0.026701 0.027238 0.006468 0.003101 0.008150 0.004051 0.002396 0.007437 0.005437 0.003419 
11726 0.014995 0.014218 0.103036 0.721037 0.008083 0.007972 0.042888 0.056190 0.003479 0.006668 0.000682 0.006183 0.004042 0.001303 0.000908 0.000938 0.002602 0.001006 0.002526 0.000840 0.000405 
6863 0.009325 0.022445 0.767738 0.185945 0.000329 0.000154 0.011350 0.000151 0.001476 0.000426 0.000067 0.000083 0.000083 0.000056 0.000055 0.000062 0.000050 0.000053 0.000053 0.000044 0.000055 
99 0.050000 0.108846 0.752461 0.055324 0.006794 0.001556 0.006602 0.000950 0.004204 0.002662 0.005052 0.000963 0.000623 0.000475 0.000285 0.000598 0.000407 0.000728 0.000420 0.000447 0.000600 
1507 0.015812 0.900482 0.027358 0.016060 0.008827 0.001242 0.001021 0.001974 0.015403 0.001392 0.000758 0.002054 0.002400 0.000617 0.000643 0.000865 0.000640 0.000629 0.000617 0.000522 0.000682 
2829 0.007875 0.010133 0.002421 0.099181 0.003671 0.003248 0.147175 0.485918 0.005299 0.029494 0.002280 0.106410 0.001256 0.004799 0.006218 0.000923 0.073734 0.001394 0.000729 0.006478 0.001363 
227 0.012023 0.587601 0.135015 0.111806 0.036020 0.007805 0.004855 0.004936 0.056447 0.004370 0.009669 0.005839 0.004906 0.002421 0.002556 0.002628 0.002580 0.002012 0.002567 0.001706 0.002235 
7 0.014952 0.021148 0.019538 0.012289 0.019678 0.375602 0.007557 0.014578 0.044122 0.005917 0.021363 0.009131 0.014802 0.004359 0.138784 0.041927 0.007589 0.089542 0.064756 0.013785 0.058578 
112 0.008232 0.028185 0.003717 0.022264 0.060118 0.033389 0.039042 0.028623 0.024200 0.023059 0.022899 0.040088 0.050042 0.232203 0.031187 0.046360 0.035215 0.084819 0.092287 0.040515 0.053556 
2319 0.018520 0.005332 0.012094 0.011270 0.094914 0.753069 0.002867 0.003411 0.003133 0.005104 0.007972 0.001413 0.001206 0.007842 0.019111 0.004957 0.001335 0.000983 0.001460 0.005530 0.038476 
2346 0.642868 0.048538 0.047613 0.004647 0.217668 0.001425 0.001031 0.001081 0.002386 0.001198 0.001309 0.002235 0.002414 0.000987 0.000478 0.016680 0.000631 0.000853 0.001314 0.004206 0.000428 
577 0.009411 0.012383 0.003116 0.005295 0.058224 0.029171 0.020941 0.011213 0.016569 0.034539 0.017917 0.021222 0.039291 0.008802 0.009902 0.586749 0.009248 0.010870 0.024890 0.065112 0.005134 
785 0.013261 0.014352 0.020975 0.024510 0.006125 0.004065 0.655449 0.048448 0.046568 0.024050 0.001911 0.088565 0.001675 0.005332 0.002599 0.001274 0.008437 0.000429 0.007273 0.022144 0.002555 
13 0.653362 0.148417 0.091808 0.038438 0.016891 0.007228 0.006777 0.006625 0.005511 0.003279 0.003180 0.002567 0.002515 0.002332 0.002250 0.001849 0.001658 0.001657 0.001341 0.001161 0.001154 
