46 0.578104 0.007727 0.102811 0.038972 0.056648 0.006353 0.004490 0.005590 0.142334 0.007646 0.011989 0.003764 0.012384 0.003036 0.003096 0.002934 0.002505 0.002639 0.002485 0.002128 0.002360 
2601 0.858155 0.139452 0.001153 0.000155 0.000145 0.000038 0.000041 0.000049 0.000470 0.000043 0.000037 0.000034 0.000038 0.000028 0.000025 0.000031 0.000021 0.000026 0.000023 0.000017 0.000020 
1472 0.020418 0.284999 0.563114 0.116668 0.002286 0.000715 0.002053 0.000838 0.003206 0.000866 0.000468 0.000694 0.000631 0.000398 0.000362 0.000403 0.000366 0.000385 0.000374 0.000329 0.000427 
5255 0.684896 0.310958 0.001780 0.000300 0.000441 0.000070 0.000074 0.000095 0.000759 0.000077 0.000064 0.000061 0.000080 0.000046 0.000043 0.000054 0.000040 0.000045 0.000045 0.000035 0.000035 
2004 0.590509 0.057005 0.297949 0.012036 0.010508 0.002127 0.004327 0.002526 0.003893 0.002975 0.002070 0.001693 0.002955 0.001409 0.001256 0.001505 0.001010 0.001269 0.001089 0.000868 0.001002 
1617 0.012558 0.007638 0.012185 0.003145 0.003781 0.000651 0.304273 0.008063 0.548168 0.002336 0.000501 0.081057 0.002906 0.000402 0.000387 0.002163 0.000656 0.000398 0.000529 0.006487 0.001711 
14350 0.019439 0.022613 0.905736 0.039729 0.001022 0.000325 0.004975 0.000212 0.002324 0.000984 0.000449 0.000158 0.000170 0.000202 0.000088 0.001101 0.000082 0.000138 0.000084 0.000073 0.000098 
81135 0.977121 0.020494 0.000990 0.000109 0.000444 0.000030 0.000030 0.000042 0.000410 0.000042 0.000031 0.000027 0.000063 0.000023 0.000021 0.000027 0.000019 0.000022 0.000020 0.000015 0.000020 
549 0.001276 0.030186 0.001077 0.010984 0.023307 0.003489 0.002035 0.004344 0.003210 0.004624 0.006587 0.010117 0.875859 0.001957 0.004854 0.005195 0.001816 0.004777 0.002568 0.001078 0.000657 
2971 0.878701 0.022515 0.027473 0.018047 0.038133 0.001018 0.000608 0.000855 0.004299 0.000787 0.002754 0.000454 0.001174 0.000410 0.000383 0.000456 0.000389 0.000422 0.000372 0.000322 0.000426 
1696 0.009816 0.006120 0.002457 0.001120 0.001120 0.000427 0.000457 0.026540 0.001487 0.005965 0.317292 0.046789 0.154000 0.259581 0.000328 0.066792 0.082925 0.000683 0.001009 0.014801 0.000286 
882 0.005839 0.045036 0.008123 0.002480 0.003508 0.001480 0.001814 0.016497 0.002402 0.877706 0.002266 0.001495 0.006584 0.000522 0.000792 0.001709 0.007609 0.000667 0.007169 0.005877 0.000421 
1277 0.013211 0.009040 0.003805 0.001803 0.002323 0.016138 0.001471 0.002385 0.002173 0.003639 0.002280 0.004186 0.006820 0.006430 0.324148 0.070572 0.002374 0.238936 0.183347 0.023677 0.081238 
697 0.004707 0.789643 0.060818 0.031223 0.033521 0.003340 0.002436 0.003539 0.042040 0.003644 0.001835 0.002873 0.002964 0.001879 0.001577 0.005054 0.001621 0.001537 0.002564 0.001303 0.001882 
16812 0.000247 0.979654 0.007256 0.002756 0.001439 0.000338 0.000315 0.000461 0.004327 0.000406 0.000249 0.000552 0.000374 0.000192 0.000209 0.000208 0.000201 0.000186 0.000204 0.000180 0.000246 
4848 0.001063 0.012298 0.003150 0.002702 0.955498 0.002433 0.000392 0.000729 0.003718 0.001425 0.003277 0.001035 0.006687 0.001983 0.000434 0.001458 0.000296 0.000363 0.000326 0.000254 0.000482 
499 0.007189 0.030127 0.007919 0.019087 0.054950 0.010646 0.028552 0.007403 0.724654 0.006375 0.008531 0.026758 0.027288 0.006481 0.003105 0.008163 0.004062 0.002400 0.007451 0.005443 0.003416 
8128 0.015055 0.014352 0.103698 0.719702 0.008126 0.008012 0.042863 0.056590 0.003486 0.006528 0.000686 0.006244 0.004066 0.001310 0.000917 0.000943 0.002620 0.001012 0.002540 0.000842 0.000406 
195 0.009406 0.022629 0.767697 0.185656 0.000334 0.000156 0.011390 0.000153 0.001483 0.000427 0.000068 0.000084 0.000084 0.000057 0.000056 0.000063 0.000051 0.000054 0.000054 0.000044 0.000055 
23 0.049997 0.108886 0.752470 0.055330 0.006751 0.001545 0.006605 0.000951 0.004206 0.002661 0.005054 0.000964 0.000623 0.000475 0.000284 0.000599 0.000407 0.000725 0.000420 0.000447 0.000599 
1669 0.015814 0.900482 0.027356 0.016050 0.008830 0.001242 0.001021 0.001974 0.015406 0.001393 0.000758 0.002055 0.002401 0.000617 0.000644 0.000866 0.000640 0.000629 0.000617 0.000522 0.000682 
1540 0.007892 0.010189 0.002437 0.099459 0.003695 0.003267 0.147148 0.485689 0.005325 0.029467 0.002291 0.105940 0.001262 0.004825 0.006252 0.000928 0.073986 0.001402 0.000733 0.006440 0.001374 
2 0.012019 0.587600 0.135081 0.111655 0.036042 0.007811 0.004856 0.004939 0.056479 0.004373 0.009675 0.005843 0.004910 0.002422 0.002557 0.002630 0.002581 0.002014 0.002569 0.001706 0.002237 
2 0.014917 0.021154 0.019543 0.012297 0.019691 0.375646 0.007555 0.014580 0.044126 0.005920 0.021365 0.009122 0.014803 0.004349 0.138796 0.041930 0.007590 0.089549 0.064756 0.013732 0.058576 
6 0.008080 0.028503 0.003411 0.022384 0.059511 0.025246 0.039448 0.028950 0.024462 0.023208 0.023154 0.040544 0.050613 0.234860 0.031274 0.046892 0.035618 0.085788 0.093346 0.040859 0.053849 
3050 0.006629 0.004934 0.011846 0.011429 0.091313 0.767978 0.002902 0.003431 0.003142 0.005155 0.008013 0.001421 0.001209 0.007882 0.019319 0.004982 0.001342 0.000990 0.001467 0.005605 0.039010 
3204 0.654526 0.045659 0.044560 0.004349 0.234736 0.002376 0.000934 0.000968 0.002571 0.000970 0.000781 0.001492 0.001871 0.000597 0.000440 0.000964 0.000388 0.000724 0.000405 0.000347 0.000334 
528 0.009494 0.012530 0.003066 0.005249 0.059017 0.029561 0.007016 0.010609 0.016607 0.034884 0.018228 0.020697 0.039896 0.008969 0.010036 0.596755 0.009409 0.011043 0.025325 0.066417 0.005192 
582 0.013022 0.014210 0.020872 0.024420 0.006084 0.004031 0.656352 0.048624 0.046276 0.023931 0.001899 0.088708 0.001664 0.005296 0.002584 0.001265 0.008385 0.000424 0.007223 0.022155 0.002569 
44 0.652014 0.148778 0.091974 0.038635 0.017126 0.007326 0.006787 0.006670 0.005539 0.003295 0.003206 0.002590 0.002541 0.002356 0.002267 0.001863 0.001676 0.001672 0.001349 0.001171 0.001164 
