10 0.578142 0.007729 0.102908 0.038976 0.056619 0.006307 0.004493 0.005594 0.142242 0.007652 0.012000 0.003767 0.012395 0.003038 0.003099 0.002936 0.002507 0.002641 0.002488 0.002127 0.002333 
6400 0.858237 0.139376 0.001151 0.000154 0.000144 0.000038 0.000041 0.000049 0.000469 0.000043 0.000036 0.000034 0.000038 0.000028 0.000025 0.000030 0.000021 0.000026 0.000023 0.000017 0.000020 
10779 0.019849 0.287089 0.562554 0.116154 0.002216 0.000691 0.001993 0.000811 0.003117 0.000847 0.000452 0.000672 0.000610 0.000385 0.000350 0.000389 0.000354 0.000373 0.000362 0.000318 0.000413 
69600 0.685031 0.311209 0.001627 0.000272 0.000401 0.000062 0.000067 0.000085 0.000687 0.000070 0.000057 0.000055 0.000071 0.000041 0.000038 0.000048 0.000036 0.000040 0.000040 0.000031 0.000031 
11890 0.608971 0.048181 0.307777 0.007729 0.007189 0.001281 0.002642 0.001586 0.002557 0.001956 0.001283 0.001048 0.001879 0.000872 0.000768 0.000933 0.000654 0.000786 0.000676 0.000600 0.000621 
4629 0.012048 0.007353 0.011760 0.002983 0.003641 0.000636 0.324182 0.007690 0.530286 0.002326 0.000481 0.080373 0.002786 0.000385 0.000371 0.002088 0.000630 0.000381 0.000510 0.007404 0.001682 
32043 0.019234 0.022418 0.906544 0.039370 0.001046 0.000326 0.004956 0.000208 0.002304 0.000981 0.000443 0.000156 0.000169 0.000199 0.000085 0.001088 0.000081 0.000136 0.000083 0.000075 0.000097 
243599 0.977368 0.020305 0.000969 0.000106 0.000429 0.000029 0.000030 0.000041 0.000400 0.000041 0.000030 0.000026 0.000062 0.000023 0.000021 0.000027 0.000019 0.000021 0.000019 0.000015 0.000020 
1229 0.001277 0.030151 0.001081 0.010970 0.023278 0.003484 0.002031 0.004344 0.003206 0.004625 0.006579 0.010106 0.875910 0.001965 0.004857 0.005199 0.001822 0.004784 0.002565 0.001109 0.000656 
4546 0.877923 0.021295 0.027403 0.017898 0.040445 0.001017 0.000596 0.000850 0.004264 0.000790 0.002733 0.000452 0.001168 0.000407 0.000386 0.000453 0.000386 0.000424 0.000369 0.000319 0.000422 
5112 0.009563 0.005950 0.002390 0.001085 0.001085 0.000413 0.000444 0.025750 0.001444 0.005806 0.319563 0.047133 0.150334 0.259258 0.000319 0.068860 0.083172 0.000664 0.000981 0.015505 0.000278 
2272 0.005823 0.044700 0.008135 0.002503 0.003492 0.001465 0.001841 0.016546 0.002381 0.877833 0.002247 0.001482 0.006606 0.000523 0.000773 0.001702 0.007612 0.000664 0.007110 0.006145 0.000417 
3982 0.012910 0.008849 0.003720 0.001761 0.002269 0.015770 0.001435 0.002330 0.002129 0.003614 0.002256 0.004192 0.006689 0.006290 0.323096 0.072335 0.002322 0.238122 0.184183 0.024748 0.080977 
83 0.004713 0.789661 0.060872 0.031028 0.033558 0.003343 0.002439 0.003542 0.042080 0.003647 0.001836 0.002876 0.002967 0.001881 0.001579 0.005060 0.001623 0.001539 0.002566 0.001305 0.001884 
18 0.013525 0.270624 0.156055 0.060211 0.150704 0.019331 0.023840 0.033569 0.059239 0.026261 0.017947 0.026549 0.019542 0.015259 0.011257 0.014799 0.015009 0.019194 0.014475 0.014664 0.017944 
36300 0.000245 0.979709 0.007240 0.002750 0.001434 0.000336 0.000314 0.000459 0.004315 0.000405 0.000248 0.000550 0.000373 0.000192 0.000208 0.000207 0.000201 0.000185 0.000204 0.000180 0.000245 
9698 0.001058 0.012337 0.003241 0.002689 0.955556 0.002350 0.000394 0.000726 0.003703 0.001420 0.003262 0.001030 0.006657 0.001973 0.000434 0.001451 0.000294 0.000363 0.000323 0.000257 0.000481 
1701 0.007158 0.030050 0.007902 0.019024 0.054783 0.010611 0.028486 0.007379 0.725340 0.006357 0.008504 0.026745 0.027201 0.006460 0.003095 0.008148 0.004048 0.002393 0.007433 0.005461 0.003421 
17175 0.014844 0.014137 0.102271 0.723377 0.008016 0.007912 0.042355 0.055881 0.003434 0.006526 0.000675 0.006125 0.004006 0.001291 0.000901 0.000929 0.002578 0.000997 0.002502 0.000841 0.000401 
13592 0.009226 0.022226 0.767668 0.186482 0.000327 0.000153 0.011239 0.000149 0.001455 0.000420 0.000066 0.000082 0.000082 0.000055 0.000054 0.000061 0.000050 0.000053 0.000053 0.000043 0.000055 
186 0.049974 0.108809 0.752451 0.055313 0.006868 0.001563 0.006603 0.000950 0.004202 0.002661 0.005050 0.000963 0.000624 0.000475 0.000284 0.000598 0.000407 0.000724 0.000420 0.000459 0.000599 
2257 0.015805 0.900471 0.027344 0.016107 0.008826 0.001241 0.001020 0.001973 0.015396 0.001392 0.000758 0.002054 0.002399 0.000617 0.000643 0.000865 0.000640 0.000628 0.000617 0.000522 0.000682 
4946 0.007751 0.009994 0.002392 0.097808 0.003622 0.003205 0.149253 0.485312 0.005230 0.029144 0.002246 0.106912 0.001242 0.004733 0.006137 0.000910 0.074015 0.001375 0.000719 0.006655 0.001344 
695 0.012003 0.587679 0.134862 0.112073 0.035979 0.007799 0.004856 0.004930 0.056380 0.004365 0.009657 0.005832 0.004900 0.002418 0.002552 0.002625 0.002577 0.002010 0.002564 0.001703 0.002233 
1 0.014927 0.021154 0.019545 0.012293 0.019682 0.375629 0.007555 0.014580 0.044125 0.005917 0.021365 0.009122 0.014803 0.004349 0.138797 0.041929 0.007590 0.089547 0.064756 0.013767 0.058567 
289 0.008073 0.028463 0.003408 0.022347 0.059429 0.025204 0.039405 0.028908 0.024425 0.023178 0.023123 0.040592 0.050563 0.234535 0.031235 0.047168 0.035586 0.085670 0.093235 0.041636 0.053816 
6472 0.006746 0.004891 0.012006 0.011516 0.091711 0.767513 0.002983 0.003377 0.003107 0.005152 0.007892 0.001403 0.001190 0.007763 0.019444 0.004907 0.001321 0.000973 0.001446 0.005864 0.038793 
3124 0.651596 0.047485 0.046234 0.004402 0.235405 0.001390 0.000946 0.000983 0.002227 0.000986 0.000792 0.001512 0.001885 0.000604 0.000421 0.000959 0.000392 0.000724 0.000400 0.000313 0.000335 
