59 0.578114 0.007741 0.102901 0.038972 0.056627 0.006310 0.004509 0.005589 0.142207 0.007672 0.011988 0.003763 0.012398 0.003036 0.003105 0.002933 0.002505 0.002638 0.002485 0.002134 0.002367 
3722 0.858222 0.139389 0.001152 0.000154 0.000144 0.000038 0.000041 0.000049 0.000469 0.000043 0.000037 0.000034 0.000038 0.000028 0.000025 0.000031 0.000021 0.000026 0.000023 0.000017 0.000020 
12908 0.019743 0.287694 0.562264 0.116030 0.002197 0.000686 0.001987 0.000808 0.003108 0.000838 0.000449 0.000666 0.000608 0.000382 0.000347 0.000387 0.000352 0.000370 0.000359 0.000316 0.000409 
69588 0.685141 0.311089 0.001634 0.000272 0.000398 0.000062 0.000070 0.000085 0.000690 0.000070 0.000057 0.000055 0.000072 0.000041 0.000038 0.000048 0.000036 0.000040 0.000040 0.000031 0.000031 
12868 0.612108 0.048856 0.305079 0.007521 0.006820 0.001230 0.002549 0.001516 0.002590 0.001971 0.001236 0.001009 0.001901 0.000842 0.000740 0.000898 0.000602 0.000756 0.000650 0.000518 0.000597 
3080 0.012301 0.007510 0.011976 0.003051 0.003687 0.000626 0.314158 0.007826 0.540109 0.002314 0.000491 0.080387 0.002845 0.000394 0.000378 0.002118 0.000644 0.000389 0.000517 0.006611 0.001664 
29837 0.019261 0.022473 0.906504 0.039319 0.001030 0.000325 0.004961 0.000209 0.002319 0.000985 0.000444 0.000156 0.000169 0.000200 0.000085 0.001090 0.000081 0.000136 0.000083 0.000072 0.000097 
245361 0.977342 0.020326 0.000969 0.000106 0.000431 0.000029 0.000030 0.000041 0.000403 0.000041 0.000030 0.000027 0.000062 0.000023 0.000021 0.000027 0.000019 0.000021 0.000019 0.000015 0.000020 
1379 0.001277 0.030142 0.001081 0.010967 0.023271 0.003483 0.002031 0.004351 0.003205 0.004624 0.006578 0.010100 0.875976 0.001972 0.004854 0.005188 0.001821 0.004779 0.002561 0.001081 0.000657 
3533 0.878135 0.021222 0.027318 0.017976 0.040252 0.001015 0.000597 0.000852 0.004280 0.000791 0.002745 0.000452 0.001173 0.000409 0.000386 0.000455 0.000387 0.000437 0.000370 0.000322 0.000425 
4554 0.009619 0.005983 0.002399 0.001090 0.001088 0.000415 0.000446 0.025841 0.001453 0.005821 0.320965 0.046722 0.151051 0.261468 0.000320 0.065973 0.082762 0.000664 0.000984 0.014653 0.000279 
2146 0.005848 0.044780 0.008187 0.002502 0.003503 0.001477 0.001836 0.016637 0.002380 0.877791 0.002249 0.001484 0.006590 0.000525 0.000818 0.001696 0.007581 0.000669 0.007121 0.005907 0.000419 
2902 0.013047 0.008913 0.003761 0.001775 0.002293 0.016000 0.001454 0.002351 0.002139 0.003603 0.002249 0.004171 0.006742 0.006337 0.325025 0.069893 0.002340 0.238924 0.183993 0.023711 0.081277 
26 0.004713 0.789661 0.060874 0.031028 0.033552 0.003343 0.002438 0.003542 0.042082 0.003648 0.001837 0.002876 0.002968 0.001881 0.001579 0.005060 0.001623 0.001539 0.002566 0.001305 0.001884 
21 0.013525 0.270602 0.156057 0.060215 0.150708 0.019334 0.023843 0.033569 0.059239 0.026263 0.017947 0.026548 0.019541 0.015259 0.011250 0.014797 0.015009 0.019176 0.014475 0.014696 0.017947 
37953 0.000245 0.979704 0.007244 0.002753 0.001433 0.000336 0.000314 0.000459 0.004314 0.000405 0.000248 0.000550 0.000373 0.000192 0.000208 0.000207 0.000201 0.000185 0.000204 0.000180 0.000245 
7231 0.001076 0.012274 0.003182 0.002696 0.955546 0.002392 0.000394 0.000727 0.003715 0.001424 0.003270 0.001033 0.006673 0.001978 0.000437 0.001455 0.000295 0.000363 0.000325 0.000258 0.000487 
1735 0.007170 0.030066 0.007903 0.019026 0.054776 0.010611 0.028482 0.007378 0.725400 0.006356 0.008503 0.026702 0.027199 0.006460 0.003095 0.008136 0.004049 0.002392 0.007426 0.005450 0.003419 
18376 0.014814 0.014123 0.102220 0.723388 0.007989 0.007877 0.042640 0.055791 0.003429 0.006540 0.000674 0.006113 0.003996 0.001288 0.000899 0.000927 0.002571 0.000995 0.002497 0.000828 0.000401 
13695 0.009223 0.022233 0.767869 0.186278 0.000326 0.000153 0.011241 0.000149 0.001455 0.000420 0.000066 0.000082 0.000082 0.000055 0.000054 0.000061 0.000050 0.000053 0.000053 0.000043 0.000054 
44 0.050000 0.108878 0.752437 0.055326 0.006783 0.001554 0.006607 0.000951 0.004206 0.002661 0.005054 0.000964 0.000623 0.000475 0.000284 0.000599 0.000407 0.000724 0.000420 0.000447 0.000599 
3080 0.015799 0.900480 0.027335 0.016124 0.008822 0.001241 0.001021 0.001972 0.015392 0.001391 0.000757 0.002053 0.002398 0.000617 0.000643 0.000865 0.000640 0.000628 0.000617 0.000522 0.000681 
4964 0.007738 0.009981 0.002394 0.097881 0.003619 0.003200 0.149352 0.485262 0.005222 0.029175 0.002247 0.106740 0.001239 0.004727 0.006138 0.000909 0.074159 0.001373 0.000718 0.006579 0.001348 
361 0.012013 0.587635 0.134969 0.111879 0.036007 0.007803 0.004855 0.004935 0.056427 0.004369 0.009666 0.005837 0.004905 0.002420 0.002555 0.002629 0.002579 0.002012 0.002566 0.001705 0.002235 
2 0.014928 0.021156 0.019545 0.012294 0.019681 0.375637 0.007555 0.014580 0.044126 0.005920 0.021366 0.009122 0.014803 0.004349 0.138800 0.041930 0.007590 0.089558 0.064757 0.013731 0.058568 
32 0.008081 0.028490 0.003411 0.022368 0.059489 0.025233 0.039435 0.028935 0.024450 0.023201 0.023147 0.040585 0.050605 0.234754 0.031262 0.046879 0.035604 0.085791 0.093356 0.041071 0.053851 
5903 0.006609 0.004871 0.011946 0.011407 0.091196 0.768241 0.002926 0.003385 0.003119 0.005140 0.007912 0.001416 0.001194 0.007782 0.019690 0.004920 0.001325 0.000983 0.001454 0.005691 0.038791 
3074 0.645921 0.047410 0.046297 0.004451 0.240295 0.001365 0.000987 0.001006 0.002303 0.000998 0.000803 0.001578 0.001920 0.000612 0.000491 0.001229 0.000398 0.000731 0.000421 0.000404 0.000371 
1183 0.009467 0.012487 0.003051 0.005228 0.058792 0.029453 0.007028 0.010569 0.016541 0.034757 0.018275 0.020640 0.039802 0.008968 0.009998 0.597209 0.009383 0.011005 0.025384 0.066806 0.005156 
1113 0.013028 0.014211 0.020845 0.024395 0.006077 0.004036 0.657184 0.048286 0.046224 0.023944 0.001898 0.088246 0.001666 0.005292 0.002577 0.001264 0.008373 0.000423 0.007218 0.022263 0.002547 
10 0.651957 0.148722 0.092160 0.038658 0.017038 0.007318 0.006801 0.006660 0.005529 0.003302 0.003215 0.002586 0.002543 0.002363 0.002268 0.001861 0.001676 0.001667 0.001348 0.001171 0.001158 
