107 0.578067 0.007731 0.102818 0.038910 0.056511 0.006298 0.004499 0.005603 0.142378 0.007701 0.011981 0.003776 0.012471 0.003040 0.003096 0.002957 0.002525 0.002636 0.002488 0.002181 0.002328 
22283 0.858444 0.139188 0.001143 0.000152 0.000142 0.000037 0.000040 0.000048 0.000466 0.000043 0.000036 0.000034 0.000038 0.000027 0.000025 0.000030 0.000021 0.000026 0.000023 0.000017 0.000020 
22992 0.019246 0.289469 0.561329 0.116068 0.002127 0.000662 0.001952 0.000777 0.003077 0.000808 0.000433 0.000644 0.000585 0.000369 0.000335 0.000373 0.000340 0.000357 0.000347 0.000305 0.000395 
153956 0.686833 0.309709 0.001495 0.000249 0.000358 0.000054 0.000065 0.000074 0.000670 0.000061 0.000050 0.000048 0.000063 0.000036 0.000034 0.000043 0.000032 0.000035 0.000035 0.000027 0.000027 
24390 0.603203 0.047124 0.324436 0.005604 0.004978 0.000860 0.002166 0.001075 0.002266 0.001483 0.000866 0.000708 0.001288 0.000594 0.000522 0.000630 0.000422 0.000530 0.000456 0.000363 0.000419 
2633 0.012485 0.007646 0.012293 0.003109 0.003709 0.000628 0.300464 0.007793 0.553349 0.002288 0.000495 0.080300 0.002870 0.000397 0.000382 0.002148 0.000653 0.000392 0.000521 0.006410 0.001665 
53959 0.019000 0.022250 0.907028 0.039296 0.001055 0.000324 0.004960 0.000206 0.002328 0.000978 0.000437 0.000153 0.000169 0.000196 0.000084 0.001072 0.000080 0.000134 0.000082 0.000072 0.000095 
417774 0.977533 0.020171 0.000952 0.000103 0.000426 0.000028 0.000029 0.000040 0.000403 0.000040 0.000029 0.000026 0.000060 0.000022 0.000020 0.000026 0.000018 0.000021 0.000019 0.000015 0.000019 
1745 0.001280 0.030126 0.001085 0.010960 0.023256 0.003481 0.002030 0.004341 0.003204 0.004618 0.006572 0.010100 0.876024 0.001977 0.004850 0.005185 0.001815 0.004782 0.002563 0.001094 0.000655 
3222 0.878800 0.021329 0.027490 0.018084 0.039007 0.001074 0.000600 0.000859 0.004307 0.000826 0.002764 0.000455 0.001196 0.000417 0.000388 0.000457 0.000390 0.000434 0.000373 0.000324 0.000425 
5619 0.009521 0.005937 0.002379 0.001086 0.001078 0.000410 0.000443 0.025695 0.001441 0.005778 0.323439 0.046791 0.149882 0.262100 0.000317 0.064936 0.082447 0.000658 0.000977 0.014405 0.000277 
3093 0.005880 0.044537 0.008344 0.002518 0.003494 0.001480 0.001825 0.016555 0.002375 0.877833 0.002236 0.001479 0.006543 0.000545 0.000803 0.001692 0.007554 0.000667 0.007073 0.006142 0.000424 
4986 0.012844 0.008761 0.003700 0.001751 0.002305 0.015640 0.001426 0.002309 0.002110 0.003621 0.002208 0.004137 0.006639 0.006222 0.326352 0.068376 0.002298 0.238943 0.184402 0.023783 0.082173 
75 0.004714 0.789661 0.060872 0.031028 0.033554 0.003343 0.002438 0.003543 0.042080 0.003647 0.001836 0.002876 0.002968 0.001881 0.001580 0.005060 0.001623 0.001539 0.002566 0.001306 0.001885 
31 0.013526 0.270607 0.156077 0.060216 0.150704 0.019331 0.023841 0.033569 0.059238 0.026259 0.017946 0.026547 0.019537 0.015258 0.011251 0.014796 0.015007 0.019177 0.014482 0.014681 0.017946 
65673 0.000244 0.979730 0.007229 0.002780 0.001428 0.000335 0.000314 0.000457 0.004303 0.000403 0.000247 0.000547 0.000371 0.000191 0.000207 0.000206 0.000199 0.000184 0.000203 0.000179 0.000244 
9861 0.001059 0.012304 0.003270 0.002689 0.955556 0.002346 0.000391 0.000726 0.003706 0.001423 0.003261 0.001030 0.006656 0.001973 0.000439 0.001451 0.000294 0.000362 0.000323 0.000260 0.000481 
3571 0.007162 0.029957 0.007888 0.018950 0.054550 0.010563 0.028412 0.007346 0.726289 0.006327 0.008466 0.026687 0.027080 0.006430 0.003082 0.008102 0.004030 0.002382 0.007395 0.005473 0.003428 
31531 0.014533 0.013922 0.101201 0.727127 0.007833 0.007739 0.041809 0.055154 0.003362 0.006574 0.000659 0.005978 0.003912 0.001260 0.000881 0.000907 0.002516 0.000973 0.002443 0.000823 0.000393 
21721 0.009116 0.022012 0.767833 0.186740 0.000323 0.000151 0.011174 0.000147 0.001442 0.000416 0.000066 0.000081 0.000081 0.000055 0.000054 0.000061 0.000049 0.000052 0.000052 0.000043 0.000053 
96 0.049995 0.108853 0.752438 0.055320 0.006797 0.001560 0.006612 0.000951 0.004206 0.002661 0.005052 0.000963 0.000623 0.000475 0.000289 0.000598 0.000407 0.000727 0.000420 0.000448 0.000604 
3371 0.015798 0.900477 0.027334 0.016132 0.008823 0.001240 0.001020 0.001972 0.015393 0.001391 0.000757 0.002053 0.002398 0.000616 0.000643 0.000865 0.000640 0.000628 0.000617 0.000522 0.000681 
5993 0.007711 0.009950 0.002379 0.097762 0.003601 0.003186 0.146072 0.488399 0.005207 0.029147 0.002247 0.107047 0.001245 0.004708 0.006104 0.000907 0.074382 0.001367 0.000715 0.006526 0.001337 
767 0.012006 0.587668 0.134873 0.112079 0.035972 0.007794 0.004860 0.004934 0.056376 0.004365 0.009655 0.005831 0.004900 0.002417 0.002552 0.002625 0.002576 0.002010 0.002564 0.001711 0.002232 
11 0.014930 0.021156 0.019564 0.012294 0.019678 0.375621 0.007555 0.014579 0.044123 0.005917 0.021364 0.009121 0.014802 0.004348 0.138844 0.041927 0.007589 0.089542 0.064752 0.013730 0.058564 
3 0.008089 0.028507 0.003413 0.022380 0.059510 0.025241 0.039449 0.028949 0.024462 0.023211 0.023156 0.040540 0.050617 0.234879 0.031275 0.046889 0.035619 0.085795 0.093349 0.040832 0.053838 
7228 0.006878 0.004862 0.012104 0.011404 0.091509 0.767792 0.002919 0.003366 0.003125 0.005141 0.007866 0.001399 0.001189 0.007737 0.019618 0.004890 0.001317 0.000972 0.001440 0.005680 0.038791 
7256 0.654324 0.043192 0.041142 0.003827 0.244048 0.001420 0.000827 0.000852 0.002009 0.000888 0.000686 0.001310 0.001642 0.000524 0.000439 0.000773 0.000340 0.000725 0.000347 0.000306 0.000370 
1865 0.009418 0.012420 0.003035 0.005198 0.058485 0.029288 0.006963 0.010519 0.016468 0.034579 0.018260 0.020824 0.039625 0.008944 0.009937 0.597224 0.009384 0.010953 0.025508 0.067825 0.005142 
7083 0.012022 0.013102 0.019408 0.022685 0.005626 0.003752 0.672144 0.048308 0.043288 0.022455 0.001748 0.086255 0.001536 0.004874 0.002399 0.001164 0.007750 0.000389 0.006652 0.022028 0.002410 
17 0.651994 0.148786 0.092295 0.038679 0.016941 0.007252 0.006850 0.006627 0.005545 0.003293 0.003194 0.002573 0.002522 0.002344 0.002267 0.001850 0.001659 0.001662 0.001345 0.001168 0.001154 
