2846 0.021346 0.004344 0.002409 0.001342 0.452721 0.006983 0.278858 0.001246 0.000915 0.169128 0.002914 0.000683 0.000197 0.017675 0.039238 
17094 0.025187 0.908808 0.019931 0.010671 0.000182 0.032290 0.000047 0.002223 0.000193 0.000058 0.000107 0.000076 0.000065 0.000153 0.000009 
10381 0.008910 0.047013 0.832793 0.004227 0.000237 0.049514 0.001060 0.038589 0.005695 0.000103 0.003134 0.003063 0.003525 0.002092 0.000045 
365 0.716838 0.005253 0.000709 0.275266 0.000189 0.001231 0.000033 0.000096 0.000041 0.000051 0.000105 0.000082 0.000032 0.000064 0.000008 
16488 0.075450 0.021933 0.012153 0.887445 0.000239 0.001981 0.000052 0.000154 0.000072 0.000084 0.000139 0.000117 0.000073 0.000097 0.000012 
85245 0.981656 0.007824 0.000123 0.008589 0.000304 0.001327 0.000008 0.000078 0.000012 0.000012 0.000028 0.000016 0.000009 0.000014 0.000002 
1969 0.793044 0.170216 0.005452 0.015235 0.001699 0.009642 0.000487 0.000723 0.000688 0.000457 0.000931 0.000511 0.000310 0.000519 0.000086 
3576 0.024336 0.003578 0.004340 0.001533 0.000663 0.011689 0.000911 0.089927 0.228786 0.000842 0.197895 0.202694 0.142583 0.089832 0.000391 
11697 0.894256 0.022132 0.000861 0.074328 0.003711 0.003812 0.000060 0.000200 0.000067 0.000078 0.000214 0.000111 0.000053 0.000105 0.000013 
54 0.031513 0.683378 0.178796 0.037754 0.000137 0.052987 0.000113 0.012622 0.001107 0.000059 0.000278 0.000449 0.000516 0.000280 0.000010 
356 0.017102 0.002971 0.001783 0.000868 0.108741 0.005473 0.139863 0.025826 0.124545 0.133495 0.126074 0.110615 0.089899 0.077999 0.034745 
2207 0.093704 0.090638 0.018829 0.011141 0.002783 0.608851 0.001091 0.117192 0.018738 0.001097 0.004955 0.006752 0.002521 0.021363 0.000338 
115 0.610205 0.370876 0.002551 0.011081 0.000774 0.002853 0.000079 0.000516 0.000114 0.000141 0.000292 0.000220 0.000114 0.000163 0.000019 
5291 0.070112 0.008754 0.002947 0.001752 0.901861 0.004135 0.007085 0.000372 0.000297 0.000734 0.000553 0.000323 0.000249 0.000455 0.000368 
