7042 0.021270 0.004339 0.002407 0.001336 0.451543 0.006976 0.279542 0.001244 0.000914 0.169475 0.002911 0.000681 0.000196 0.017681 0.039486 
58670 0.025114 0.909115 0.019889 0.010621 0.000182 0.032164 0.000047 0.002209 0.000192 0.000058 0.000107 0.000075 0.000065 0.000152 0.000009 
28155 0.008868 0.046856 0.833440 0.004211 0.000236 0.049273 0.001058 0.038465 0.005687 0.000102 0.003120 0.003049 0.003509 0.002082 0.000045 
24193 0.718083 0.005184 0.000698 0.274124 0.000186 0.001220 0.000033 0.000094 0.000040 0.000050 0.000104 0.000080 0.000031 0.000063 0.000008 
37881 0.075364 0.021749 0.012071 0.887826 0.000236 0.001963 0.000051 0.000150 0.000071 0.000084 0.000137 0.000116 0.000072 0.000097 0.000012 
305942 0.981679 0.007806 0.000123 0.008588 0.000303 0.001325 0.000007 0.000078 0.000012 0.000012 0.000028 0.000016 0.000009 0.000014 0.000002 
237 0.792754 0.170444 0.005460 0.015258 0.001701 0.009659 0.000486 0.000724 0.000692 0.000458 0.000933 0.000512 0.000311 0.000520 0.000086 
9157 0.024251 0.003566 0.004322 0.001527 0.000659 0.011643 0.000909 0.089852 0.228952 0.000838 0.197811 0.202747 0.142764 0.089765 0.000392 
1176 0.894114 0.022172 0.000862 0.074423 0.003713 0.003814 0.000060 0.000200 0.000067 0.000078 0.000214 0.000111 0.000053 0.000105 0.000013 
164 0.031513 0.683378 0.178799 0.037753 0.000137 0.052986 0.000113 0.012622 0.001107 0.000059 0.000277 0.000449 0.000516 0.000280 0.000010 
1066 0.017089 0.002971 0.001780 0.000865 0.108633 0.005469 0.139876 0.025804 0.124499 0.133534 0.126065 0.110534 0.089846 0.078152 0.034881 
5395 0.092022 0.088917 0.018483 0.010925 0.002723 0.611771 0.001071 0.118528 0.018795 0.001080 0.004910 0.006627 0.002473 0.021330 0.000340 
5267 0.610997 0.370163 0.002534 0.011043 0.000772 0.002841 0.000079 0.000512 0.000115 0.000140 0.000290 0.000219 0.000113 0.000162 0.000019 
8283 0.068068 0.008770 0.002929 0.001758 0.904005 0.004115 0.007039 0.000369 0.000295 0.000727 0.000549 0.000321 0.000247 0.000452 0.000357 
