6002 0.021279 0.004345 0.002417 0.001335 0.451818 0.006982 0.279251 0.001244 0.000912 0.169491 0.002912 0.000682 0.000196 0.017678 0.039456 
75873 0.025108 0.909231 0.019849 0.010604 0.000181 0.032120 0.000047 0.002204 0.000192 0.000058 0.000106 0.000075 0.000065 0.000152 0.000009 
31479 0.008861 0.046830 0.833417 0.004207 0.000236 0.049298 0.001059 0.038486 0.005713 0.000102 0.003117 0.003046 0.003505 0.002080 0.000045 
36648 0.718743 0.005144 0.000690 0.273523 0.000183 0.001216 0.000032 0.000093 0.000040 0.000050 0.000103 0.000080 0.000031 0.000062 0.000008 
43479 0.075446 0.021726 0.012036 0.887797 0.000235 0.001972 0.000051 0.000149 0.000071 0.000083 0.000137 0.000115 0.000072 0.000096 0.000012 
460522 0.981683 0.007795 0.000123 0.008596 0.000303 0.001325 0.000007 0.000078 0.000012 0.000012 0.000028 0.000016 0.000009 0.000014 0.000002 
248 0.792764 0.170448 0.005456 0.015256 0.001701 0.009657 0.000485 0.000724 0.000690 0.000458 0.000932 0.000512 0.000311 0.000520 0.000086 
7366 0.024329 0.003582 0.004328 0.001528 0.000660 0.011662 0.000910 0.089860 0.229218 0.000837 0.197750 0.202753 0.142557 0.089636 0.000390 
2453 0.894119 0.022167 0.000862 0.074424 0.003713 0.003814 0.000060 0.000200 0.000067 0.000078 0.000214 0.000111 0.000053 0.000105 0.000013 
157 0.031516 0.683376 0.178798 0.037754 0.000137 0.052986 0.000113 0.012622 0.001107 0.000059 0.000277 0.000449 0.000516 0.000280 0.000010 
1011 0.017106 0.002969 0.001782 0.000863 0.108643 0.005469 0.139889 0.025799 0.124491 0.133595 0.126050 0.110553 0.089843 0.078110 0.034838 
6709 0.091487 0.088349 0.018335 0.010854 0.002699 0.613730 0.001074 0.118336 0.018870 0.001073 0.004874 0.006567 0.002459 0.020955 0.000332 
8508 0.611344 0.369872 0.002526 0.011018 0.000765 0.002835 0.000078 0.000510 0.000114 0.000139 0.000289 0.000218 0.000112 0.000161 0.000019 
5928 0.068530 0.008802 0.002958 0.001745 0.903422 0.004138 0.007064 0.000370 0.000297 0.000730 0.000551 0.000322 0.000248 0.000454 0.000366 
