4024 0.021314 0.004354 0.002412 0.001341 0.452390 0.006983 0.279027 0.001246 0.000914 0.169235 0.002913 0.000683 0.000197 0.017680 0.039312 
33827 0.025151 0.908958 0.019904 0.010652 0.000182 0.032228 0.000048 0.002217 0.000192 0.000058 0.000107 0.000075 0.000065 0.000153 0.000009 
17490 0.008892 0.046944 0.832992 0.004223 0.000236 0.049478 0.001059 0.038546 0.005689 0.000103 0.003130 0.003057 0.003518 0.002088 0.000045 
11755 0.717621 0.005221 0.000703 0.274531 0.000187 0.001228 0.000033 0.000095 0.000041 0.000051 0.000105 0.000081 0.000032 0.000063 0.000008 
27265 0.075432 0.021845 0.012106 0.887608 0.000237 0.001977 0.000052 0.000152 0.000072 0.000084 0.000138 0.000116 0.000073 0.000097 0.000012 
191069 0.981662 0.007814 0.000123 0.008593 0.000304 0.001326 0.000007 0.000078 0.000012 0.000012 0.000028 0.000016 0.000009 0.000014 0.000002 
97 0.792760 0.170437 0.005457 0.015261 0.001702 0.009658 0.000486 0.000724 0.000690 0.000459 0.000934 0.000512 0.000311 0.000520 0.000086 
7097 0.024295 0.003567 0.004328 0.001531 0.000660 0.011660 0.000909 0.089857 0.228716 0.000838 0.197950 0.202709 0.142734 0.089850 0.000393 
437 0.894115 0.022172 0.000863 0.074421 0.003713 0.003814 0.000060 0.000200 0.000067 0.000078 0.000214 0.000111 0.000053 0.000105 0.000013 
28 0.031514 0.683379 0.178795 0.037754 0.000137 0.052987 0.000113 0.012622 0.001107 0.000059 0.000278 0.000449 0.000516 0.000280 0.000010 
653 0.017102 0.002971 0.001780 0.000866 0.108704 0.005470 0.139867 0.025814 0.124536 0.133543 0.126060 0.110574 0.089876 0.078034 0.034801 
3637 0.093026 0.089871 0.018689 0.011079 0.002755 0.610354 0.001078 0.117468 0.018780 0.001099 0.004911 0.006684 0.002509 0.021350 0.000342 
2446 0.610715 0.370413 0.002544 0.011058 0.000770 0.002846 0.000079 0.000514 0.000114 0.000140 0.000291 0.000220 0.000113 0.000163 0.000019 
3593 0.068723 0.008808 0.002957 0.001753 0.903154 0.004149 0.007099 0.000373 0.000298 0.000734 0.000555 0.000325 0.000250 0.000457 0.000363 
