4500 0.021302 0.004342 0.002404 0.001336 0.452272 0.006976 0.278915 0.001244 0.000913 0.169478 0.002913 0.000683 0.000197 0.017682 0.039343 
19864 0.025185 0.908836 0.019937 0.010672 0.000182 0.032257 0.000047 0.002222 0.000193 0.000058 0.000107 0.000076 0.000065 0.000153 0.000009 
9752 0.008910 0.047022 0.832744 0.004232 0.000237 0.049486 0.001058 0.038648 0.005696 0.000103 0.003136 0.003064 0.003526 0.002094 0.000045 
79 0.716824 0.005253 0.000708 0.275281 0.000189 0.001231 0.000033 0.000096 0.000042 0.000051 0.000106 0.000082 0.000032 0.000064 0.000008 
17860 0.075385 0.021928 0.012166 0.887495 0.000238 0.001980 0.000052 0.000159 0.000072 0.000084 0.000139 0.000117 0.000074 0.000098 0.000012 
143395 0.981669 0.007818 0.000123 0.008583 0.000304 0.001326 0.000007 0.000078 0.000012 0.000012 0.000028 0.000016 0.000009 0.000014 0.000002 
2708 0.793101 0.170184 0.005440 0.015223 0.001697 0.009634 0.000488 0.000722 0.000690 0.000458 0.000933 0.000511 0.000312 0.000520 0.000087 
11913 0.024257 0.003553 0.004310 0.001526 0.000658 0.011627 0.000904 0.089664 0.228329 0.000838 0.197942 0.202722 0.143125 0.090154 0.000391 
9542 0.894254 0.022139 0.000861 0.074327 0.003708 0.003810 0.000060 0.000200 0.000067 0.000078 0.000214 0.000111 0.000053 0.000105 0.000013 
255 0.031514 0.683374 0.178801 0.037753 0.000137 0.052986 0.000113 0.012622 0.001107 0.000059 0.000278 0.000449 0.000516 0.000280 0.000010 
990 0.017098 0.002972 0.001779 0.000863 0.108655 0.005468 0.139850 0.025802 0.124510 0.133581 0.126095 0.110537 0.089859 0.078117 0.034813 
2506 0.093570 0.090389 0.018794 0.011140 0.002773 0.610008 0.001084 0.116278 0.018738 0.001096 0.004914 0.006740 0.002514 0.021617 0.000338 
997 0.610171 0.370917 0.002556 0.011068 0.000773 0.002851 0.000079 0.000516 0.000116 0.000141 0.000293 0.000221 0.000114 0.000163 0.000019 
4612 0.068594 0.008772 0.002947 0.001737 0.903361 0.004135 0.007094 0.000376 0.000299 0.000733 0.000555 0.000325 0.000251 0.000457 0.000362 
