5579 0.021288 0.004339 0.002403 0.001335 0.451976 0.006976 0.279109 0.001243 0.000914 0.169531 0.002912 0.000682 0.000197 0.017691 0.039404 
52152 0.025125 0.909093 0.019875 0.010633 0.000182 0.032176 0.000047 0.002211 0.000192 0.000058 0.000107 0.000075 0.000065 0.000153 0.000009 
26886 0.008873 0.046856 0.833203 0.004215 0.000236 0.049461 0.001058 0.038490 0.005697 0.000102 0.003121 0.003050 0.003509 0.002083 0.000045 
4297 0.716856 0.005237 0.000706 0.275273 0.000188 0.001230 0.000033 0.000095 0.000041 0.000051 0.000105 0.000081 0.000032 0.000064 0.000008 
38915 0.075171 0.021747 0.012065 0.888021 0.000236 0.001969 0.000051 0.000150 0.000071 0.000083 0.000137 0.000116 0.000073 0.000097 0.000012 
317460 0.981682 0.007805 0.000123 0.008581 0.000308 0.001324 0.000007 0.000078 0.000012 0.000012 0.000028 0.000016 0.000009 0.000014 0.000002 
5544 0.793233 0.170132 0.005424 0.015191 0.001695 0.009626 0.000485 0.000720 0.000690 0.000455 0.000927 0.000509 0.000309 0.000517 0.000086 
6969 0.024311 0.003575 0.004330 0.001528 0.000661 0.011659 0.000913 0.089822 0.229057 0.000839 0.197840 0.202676 0.142602 0.089796 0.000391 
65012 0.894630 0.021968 0.000853 0.074194 0.003673 0.003790 0.000060 0.000198 0.000067 0.000077 0.000212 0.000110 0.000052 0.000104 0.000013 
11 0.031515 0.683378 0.178794 0.037754 0.000137 0.052988 0.000113 0.012622 0.001107 0.000059 0.000277 0.000449 0.000516 0.000280 0.000010 
908 0.017103 0.002967 0.001779 0.000864 0.108658 0.005470 0.139872 0.025813 0.124510 0.133512 0.126109 0.110566 0.089877 0.078092 0.034806 
5365 0.092373 0.089006 0.018494 0.010971 0.002722 0.611245 0.001074 0.118773 0.018786 0.001096 0.004895 0.006621 0.002499 0.021101 0.000336 
1024 0.610209 0.370886 0.002549 0.011073 0.000771 0.002856 0.000079 0.000515 0.000114 0.000141 0.000291 0.000220 0.000113 0.000163 0.000019 
7929 0.069219 0.008756 0.002931 0.001737 0.902845 0.004115 0.007064 0.000369 0.000295 0.000729 0.000551 0.000321 0.000247 0.000453 0.000366 
