9575 0.021257 0.004341 0.002402 0.001332 0.450815 0.006970 0.279728 0.001240 0.000911 0.169932 0.002905 0.000681 0.000196 0.017688 0.039600 
103933 0.025045 0.909420 0.019854 0.010576 0.000181 0.032029 0.000047 0.002195 0.000191 0.000057 0.000106 0.000075 0.000064 0.000151 0.000009 
47133 0.008827 0.046713 0.833931 0.004199 0.000234 0.049141 0.001055 0.038366 0.005685 0.000102 0.003105 0.003033 0.003492 0.002071 0.000044 
65309 0.719482 0.005092 0.000681 0.272868 0.000180 0.001207 0.000032 0.000092 0.000039 0.000049 0.000101 0.000078 0.000030 0.000061 0.000008 
64326 0.075149 0.021576 0.011991 0.888306 0.000234 0.001961 0.000051 0.000149 0.000071 0.000083 0.000136 0.000114 0.000071 0.000096 0.000012 
541254 0.981683 0.007791 0.000123 0.008599 0.000302 0.001325 0.000007 0.000078 0.000012 0.000012 0.000028 0.000016 0.000009 0.000014 0.000002 
455 0.792732 0.170449 0.005460 0.015261 0.001701 0.009660 0.000487 0.000724 0.000702 0.000459 0.000934 0.000513 0.000311 0.000520 0.000086 
11920 0.024238 0.003574 0.004312 0.001529 0.000657 0.011621 0.000906 0.089761 0.229159 0.000837 0.197901 0.202776 0.142707 0.089632 0.000389 
3866 0.894122 0.022166 0.000862 0.074423 0.003712 0.003814 0.000060 0.000200 0.000067 0.000078 0.000214 0.000111 0.000053 0.000105 0.000013 
749 0.031512 0.683358 0.178833 0.037749 0.000137 0.052980 0.000113 0.012620 0.001107 0.000059 0.000277 0.000449 0.000516 0.000280 0.000010 
1337 0.017096 0.002970 0.001779 0.000865 0.108600 0.005471 0.139849 0.025798 0.124493 0.133615 0.126055 0.110517 0.089814 0.078203 0.034877 
10872 0.089557 0.086425 0.017919 0.010647 0.002640 0.618363 0.001047 0.119055 0.018535 0.001047 0.004848 0.006438 0.002422 0.020701 0.000350 
13321 0.611212 0.370005 0.002521 0.011026 0.000766 0.002837 0.000079 0.000507 0.000112 0.000139 0.000288 0.000216 0.000112 0.000160 0.000019 
8862 0.068206 0.008766 0.002928 0.001738 0.903882 0.004135 0.007029 0.000368 0.000294 0.000725 0.000551 0.000320 0.000246 0.000451 0.000358 
