1408679 0.0213092591816336 0.00433976236417317 0.0024064330751785 0.00133308910858648 0.453493694872892 0.00699051457288619 0.278416288801159 0.00124652981336888 0.000913946815273488 0.168898984738382 0.00291724076196566 0.000683682280910313 0.000196509233008681 0.0176905153702018 0.0391635489103678
6660763 0.0252248929191998 0.908663897152469 0.0199533431613248 0.0106887805115359 0.000181750159435967 0.0323501222477577 4.67959959604057e-05 0.00222837634809585 0.000192659187320265 5.80823011194254e-05 0.000107388303769376 7.56818318929611e-05 6.53118400309846e-05 0.000153993418235054 8.92452185149935e-06
3687259 0.00891264383472445 0.0471056461321471 0.832573498751496 0.00423146040833222 0.000236919367303882 0.0495751276482406 0.00105803262895063 0.0386127099360727 0.00569933156962071 0.000102867476513256 0.00314266248383774 0.00307191142656001 0.00353461900177664 0.00209759340154607 4.49758328745823e-05
1448594 0.716833539401204 0.00524664271982188 0.000704236111796334 0.275288754746501 0.000186616853969159 0.00123029067417142 3.21804220917158e-05 9.50555973258301e-05 4.02897248732213e-05 5.05000509603008e-05 0.000105361971593819 8.19337421577588e-05 3.15272023790772e-05 6.48059445853524e-05 8.26473656758643e-06
2476397 0.0758254972909649 0.0220496175262301 0.0122025604623852 0.8868991206956 0.000238610898289168 0.00198597861547509 5.15977662842044e-05 0.000149966342070357 7.18350497895694e-05 8.4480739330401e-05 0.00013945644339984 0.000117490726208899 7.31920345590186e-05 9.86085704573887e-05 1.19867389546549e-05
67126374 0.981642913492397 0.00783155492819373 0.000123313040062113 0.008593788210456 0.000304100544064499 0.00132693327289513 7.46096677047025e-06 7.82713679179829e-05 1.16807969084757e-05 1.18576551930817e-05 2.77639875993785e-05 1.59857592813973e-05 8.85777505366326e-06 1.38382357727279e-05 1.67986743410539e-06
918043 0.792765600795237 0.170454648794049 0.00545156557077767 0.0152531456480408 0.00169871255120258 0.00966006364472075 0.000484066391147074 0.000723032870985659 0.000688024435193612 0.000457144380150183 0.000933217716372013 0.000511910385578949 0.000310522230721115 0.000521559361138933 8.6785124681579e-05
1246750 0.0243504291442667 0.00357763178022744 0.00434686159122762 0.001527924637917 0.000661909696167604 0.0117164152716715 0.00091026930458593 0.0899813632076997 0.228738842737387 0.000840433437554977 0.197844514805177 0.20282127624549 0.142452515096585 0.0898398294563063 0.000389783487722385
5457854 0.894119162726001 0.0221717197896878 0.000861488276238466 0.0744192210902777 0.00371320185779056 0.00381466830014698 5.97718944634279e-05 0.000199918493538611 6.68400421908978e-05 7.74810915813148e-05 0.000214162153614378 0.000110867888328976 5.25439739047719e-05 0.00010570822432459 1.32440979098774e-05
3562158 0.0314960243263496 0.683395127518939 0.178797532610221 0.0377526274344386 0.000136002639108031 0.0529893251227008 0.000112622332838489 0.0126228242724269 0.00110649042173434 5.90235989114173e-05 0.000277250892550641 0.000448944011989051 0.000515993978081549 0.000279961473868178 1.02492658407289e-05
712773 0.0170219535671463 0.00295569746319485 0.0017732567290331 0.000852110585317786 0.108802019148321 0.00547181496504166 0.139911190914252 0.0258329647818566 0.124563154686758 0.133454208772243 0.126053917779003 0.110681298973487 0.0899462970509177 0.0779560336344888 0.0347240808489287
163982 0.0944412946245875 0.0917373780499886 0.0190466976490021 0.0112199407989529 0.00279753685956243 0.607006103739334 0.0010900528273525 0.116582062486636 0.018893981410455 0.00110343151652722 0.00496441052770033 0.00683191199639383 0.00254382019352586 0.0213989744496546 0.000342402770298281
844821 0.610201698619328 0.37090717701668 0.00254260821533223 0.0110719105831514 0.000769649177760895 0.00285303720587929 7.71065482076253e-05 0.000514995026179928 0.000112897323659238 0.000139809816916391 0.000291860574912413 0.00022030237488023 0.00011349369568341 0.000164565794400627 1.88879270267195e-05
420133 0.0688554745977161 0.00880524419580343 0.00296794376147272 0.00173347469939041 0.90295533188606 0.00416939126844303 0.00713913859346078 0.000372834774152902 0.000297548982242364 0.000738630931285569 0.000558518037248322 0.000325808172582164 0.000250695126813982 0.00046285279576661 0.000367112077553875
