5967 0.021277 0.004354 0.002415 0.001337 0.451896 0.006982 0.279320 0.001243 0.000913 0.169330 0.002913 0.000682 0.000197 0.017680 0.039462 
91430 0.025055 0.909376 0.019832 0.010584 0.000181 0.032070 0.000047 0.002199 0.000191 0.000057 0.000106 0.000075 0.000064 0.000152 0.000009 
43625 0.008834 0.046731 0.833864 0.004199 0.000235 0.049148 0.001057 0.038386 0.005689 0.000102 0.003107 0.003036 0.003494 0.002073 0.000045 
64584 0.719681 0.005060 0.000679 0.272706 0.000181 0.001202 0.000032 0.000092 0.000041 0.000049 0.000101 0.000078 0.000030 0.000061 0.000008 
59925 0.075213 0.021586 0.011972 0.888252 0.000234 0.001958 0.000051 0.000149 0.000071 0.000083 0.000136 0.000115 0.000071 0.000096 0.000012 
409614 0.981677 0.007798 0.000123 0.008597 0.000303 0.001325 0.000007 0.000078 0.000012 0.000012 0.000028 0.000016 0.000009 0.000014 0.000002 
119 0.792745 0.170448 0.005458 0.015262 0.001701 0.009660 0.000485 0.000724 0.000697 0.000458 0.000933 0.000512 0.000311 0.000520 0.000086 
9876 0.024256 0.003573 0.004322 0.001528 0.000658 0.011638 0.000906 0.089790 0.229171 0.000836 0.197765 0.202820 0.142758 0.089591 0.000388 
563 0.894115 0.022173 0.000863 0.074421 0.003713 0.003815 0.000060 0.000200 0.000067 0.000078 0.000214 0.000111 0.000053 0.000105 0.000013 
138 0.031513 0.683377 0.178800 0.037754 0.000137 0.052986 0.000113 0.012622 0.001107 0.000059 0.000277 0.000449 0.000516 0.000280 0.000010 
1437 0.017084 0.002969 0.001780 0.000866 0.108576 0.005468 0.139747 0.025789 0.124435 0.133670 0.126126 0.110504 0.089801 0.078263 0.034921 
8649 0.090429 0.087374 0.018151 0.010780 0.002668 0.615207 0.001051 0.119599 0.018642 0.001058 0.004839 0.006512 0.002443 0.020901 0.000340 
8751 0.611266 0.369941 0.002531 0.011019 0.000768 0.002834 0.000078 0.000510 0.000115 0.000139 0.000289 0.000218 0.000112 0.000161 0.000019 
7301 0.068394 0.008809 0.002941 0.001746 0.903610 0.004123 0.007051 0.000369 0.000295 0.000727 0.000553 0.000321 0.000247 0.000453 0.000357 
