3463 0.021323 0.004359 0.002418 0.001333 0.452655 0.006994 0.278825 0.001244 0.000916 0.169237 0.002916 0.000683 0.000197 0.017673 0.039227 
45166 0.025145 0.908937 0.019947 0.010642 0.000182 0.032225 0.000048 0.002214 0.000194 0.000058 0.000107 0.000075 0.000065 0.000153 0.000009 
13606 0.008904 0.047044 0.832774 0.004221 0.000237 0.049499 0.001063 0.038586 0.005721 0.000103 0.003132 0.003061 0.003521 0.002090 0.000045 
11747 0.717065 0.005222 0.000701 0.275092 0.000187 0.001225 0.000033 0.000095 0.000041 0.000051 0.000104 0.000081 0.000031 0.000063 0.000008 
7168 0.075771 0.022011 0.012180 0.887017 0.000239 0.001983 0.000052 0.000151 0.000072 0.000084 0.000139 0.000117 0.000073 0.000098 0.000012 
438319 0.981709 0.007797 0.000123 0.008567 0.000303 0.001324 0.000007 0.000078 0.000012 0.000012 0.000028 0.000016 0.000009 0.000014 0.000002 
644 0.792825 0.170397 0.005451 0.015244 0.001705 0.009657 0.000485 0.000723 0.000694 0.000457 0.000932 0.000511 0.000310 0.000519 0.000086 
7586 0.024332 0.003587 0.004327 0.001524 0.000660 0.011666 0.000911 0.089816 0.229467 0.000836 0.198007 0.202347 0.142527 0.089602 0.000389 
14057 0.894161 0.022141 0.000860 0.074422 0.003707 0.003810 0.000060 0.000200 0.000067 0.000077 0.000214 0.000111 0.000052 0.000105 0.000013 
3495 0.031493 0.683377 0.178883 0.037726 0.000136 0.052957 0.000113 0.012613 0.001111 0.000059 0.000277 0.000448 0.000515 0.000279 0.000010 
1113 0.017113 0.002969 0.001781 0.000855 0.108640 0.005477 0.139826 0.025806 0.124557 0.133624 0.126198 0.110511 0.089816 0.078034 0.034791 
5516 0.092763 0.089368 0.018481 0.010948 0.002720 0.610980 0.001073 0.118164 0.019147 0.001080 0.004879 0.006623 0.002478 0.020957 0.000331 
19403 0.610325 0.371015 0.002494 0.010937 0.000766 0.002839 0.000077 0.000504 0.000116 0.000137 0.000286 0.000215 0.000111 0.000159 0.000018 
6442 0.069185 0.008872 0.002941 0.001721 0.902734 0.004141 0.007066 0.000370 0.000297 0.000728 0.000557 0.000322 0.000248 0.000457 0.000358 
