7379 0.021272 0.004344 0.002404 0.001337 0.451428 0.006979 0.279502 0.001244 0.000913 0.169547 0.002909 0.000681 0.000196 0.017685 0.039558 
77500 0.025061 0.909298 0.019840 0.010602 0.000181 0.032112 0.000047 0.002203 0.000191 0.000058 0.000106 0.000075 0.000065 0.000152 0.000009 
37674 0.008847 0.046785 0.833674 0.004204 0.000235 0.049206 0.001054 0.038438 0.005679 0.000102 0.003112 0.003041 0.003500 0.002077 0.000045 
33565 0.718723 0.005154 0.000693 0.273531 0.000184 0.001215 0.000032 0.000094 0.000040 0.000050 0.000103 0.000080 0.000031 0.000062 0.000008 
45631 0.075313 0.021697 0.012027 0.887975 0.000236 0.001961 0.000051 0.000150 0.000072 0.000083 0.000137 0.000116 0.000072 0.000096 0.000012 
379456 0.981682 0.007799 0.000123 0.008592 0.000303 0.001325 0.000007 0.000078 0.000012 0.000012 0.000028 0.000016 0.000009 0.000014 0.000002 
292 0.792755 0.170440 0.005457 0.015257 0.001700 0.009663 0.000486 0.000724 0.000694 0.000460 0.000934 0.000512 0.000311 0.000520 0.000087 
11094 0.024249 0.003566 0.004315 0.001529 0.000659 0.011626 0.000907 0.089660 0.229026 0.000839 0.197854 0.202855 0.142842 0.089678 0.000396 
476 0.894116 0.022172 0.000863 0.074420 0.003714 0.003815 0.000060 0.000200 0.000067 0.000078 0.000214 0.000111 0.000053 0.000105 0.000013 
176 0.031513 0.683380 0.178797 0.037754 0.000137 0.052986 0.000113 0.012622 0.001107 0.000059 0.000277 0.000449 0.000516 0.000280 0.000010 
1018 0.017097 0.002973 0.001780 0.000864 0.108653 0.005470 0.139850 0.025807 0.124512 0.133534 0.126092 0.110546 0.089856 0.078097 0.034866 
7305 0.091106 0.088097 0.018272 0.010863 0.002689 0.613673 0.001060 0.119522 0.018507 0.001073 0.004835 0.006548 0.002457 0.020967 0.000328 
7046 0.611423 0.369781 0.002531 0.011013 0.000769 0.002837 0.000078 0.000511 0.000116 0.000140 0.000289 0.000218 0.000113 0.000162 0.000019 
6364 0.068722 0.008777 0.002947 0.001750 0.903272 0.004129 0.007067 0.000370 0.000296 0.000730 0.000553 0.000322 0.000248 0.000454 0.000359 
