6965 0.021256 0.004334 0.002405 0.001335 0.451505 0.006975 0.279502 0.001242 0.000913 0.169659 0.002910 0.000681 0.000197 0.017657 0.039429 
36088 0.025131 0.908993 0.019905 0.010649 0.000181 0.032216 0.000048 0.002217 0.000192 0.000058 0.000107 0.000075 0.000065 0.000153 0.000009 
20908 0.008886 0.046912 0.833077 0.004221 0.000236 0.049441 0.001058 0.038556 0.005684 0.000103 0.003126 0.003055 0.003515 0.002086 0.000045 
1215 0.716874 0.005251 0.000709 0.275234 0.000188 0.001231 0.000034 0.000096 0.000041 0.000051 0.000105 0.000082 0.000032 0.000064 0.000008 
30500 0.075243 0.021814 0.012096 0.887842 0.000237 0.001972 0.000052 0.000152 0.000072 0.000084 0.000138 0.000116 0.000073 0.000097 0.000012 
179584 0.981666 0.007815 0.000123 0.008590 0.000303 0.001326 0.000007 0.000078 0.000012 0.000012 0.000028 0.000016 0.000009 0.000014 0.000002 
194 0.792752 0.170446 0.005458 0.015261 0.001701 0.009659 0.000486 0.000724 0.000690 0.000459 0.000933 0.000512 0.000311 0.000520 0.000087 
9226 0.024247 0.003564 0.004321 0.001528 0.000659 0.011644 0.000907 0.089731 0.228694 0.000838 0.197999 0.202724 0.142817 0.089934 0.000392 
13508 0.894250 0.022125 0.000861 0.074350 0.003704 0.003810 0.000060 0.000200 0.000067 0.000078 0.000214 0.000111 0.000053 0.000105 0.000013 
119 0.031513 0.683378 0.178797 0.037755 0.000137 0.052986 0.000113 0.012622 0.001107 0.000059 0.000278 0.000449 0.000516 0.000280 0.000010 
1063 0.017087 0.002970 0.001781 0.000866 0.108633 0.005467 0.139838 0.025807 0.124499 0.133585 0.126109 0.110518 0.089857 0.078116 0.034866 
4017 0.092748 0.089642 0.018631 0.011032 0.002744 0.610369 0.001078 0.117962 0.018811 0.001090 0.004900 0.006676 0.002493 0.021480 0.000340 
2081 0.610777 0.370344 0.002545 0.011059 0.000770 0.002847 0.000080 0.000514 0.000114 0.000141 0.000292 0.000220 0.000114 0.000163 0.000019 
3826 0.068548 0.008781 0.002960 0.001750 0.903368 0.004143 0.007095 0.000373 0.000298 0.000734 0.000555 0.000325 0.000250 0.000457 0.000360 
