5594 0.021297 0.004340 0.002419 0.001335 0.451968 0.006981 0.279116 0.001243 0.000915 0.169445 0.002914 0.000682 0.000197 0.017692 0.039455 
59769 0.025142 0.909058 0.019920 0.010629 0.000182 0.032155 0.000048 0.002209 0.000192 0.000058 0.000107 0.000075 0.000065 0.000152 0.000009 
26917 0.008872 0.046888 0.833139 0.004212 0.000236 0.049480 0.001059 0.038504 0.005698 0.000102 0.003122 0.003050 0.003509 0.002083 0.000045 
37235 0.718232 0.005160 0.000691 0.274014 0.000184 0.001220 0.000032 0.000093 0.000040 0.000050 0.000103 0.000080 0.000031 0.000062 0.000008 
31648 0.075484 0.021820 0.012102 0.887592 0.000237 0.001973 0.000052 0.000150 0.000072 0.000084 0.000138 0.000116 0.000072 0.000097 0.000012 
334527 0.981665 0.007808 0.000123 0.008598 0.000303 0.001326 0.000007 0.000078 0.000012 0.000012 0.000028 0.000016 0.000009 0.000014 0.000002 
197 0.792746 0.170452 0.005461 0.015260 0.001701 0.009661 0.000485 0.000724 0.000689 0.000458 0.000933 0.000512 0.000311 0.000520 0.000086 
6593 0.024312 0.003585 0.004331 0.001529 0.000661 0.011667 0.000909 0.089867 0.229037 0.000839 0.197868 0.202685 0.142571 0.089751 0.000389 
3323 0.894119 0.022167 0.000862 0.074425 0.003713 0.003814 0.000060 0.000200 0.000067 0.000078 0.000214 0.000111 0.000053 0.000105 0.000013 
310 0.031513 0.683373 0.178810 0.037752 0.000137 0.052984 0.000113 0.012621 0.001107 0.000059 0.000277 0.000449 0.000516 0.000280 0.000010 
736 0.017104 0.002971 0.001779 0.000864 0.108689 0.005469 0.139899 0.025811 0.124522 0.133509 0.126075 0.110591 0.089887 0.078043 0.034786 
5602 0.092193 0.088983 0.018483 0.010939 0.002718 0.612364 0.001068 0.117926 0.018782 0.001077 0.004922 0.006611 0.002512 0.021073 0.000343 
10197 0.610538 0.370629 0.002539 0.011033 0.000771 0.002849 0.000080 0.000509 0.000113 0.000139 0.000288 0.000217 0.000112 0.000161 0.000019 
5346 0.068584 0.008787 0.002955 0.001748 0.903367 0.004134 0.007077 0.000371 0.000297 0.000734 0.000552 0.000323 0.000248 0.000456 0.000365 
430 0.435445 0.074995 0.291746 0.018371 0.006619 0.062139 0.005609 0.016416 0.043345 0.005660 0.015400 0.005175 0.006719 0.009480 0.002074 
