2673 0.021361 0.004362 0.002420 0.001346 0.452716 0.006988 0.278725 0.001245 0.000914 0.169156 0.002914 0.000683 0.000197 0.017684 0.039288 
34709 0.025162 0.908928 0.019901 0.010650 0.000182 0.032253 0.000047 0.002217 0.000192 0.000058 0.000107 0.000075 0.000065 0.000153 0.000009 
15072 0.008898 0.046980 0.832972 0.004220 0.000236 0.049441 0.001060 0.038539 0.005707 0.000103 0.003130 0.003059 0.003520 0.002089 0.000045 
18684 0.717826 0.005196 0.000699 0.274365 0.000186 0.001223 0.000033 0.000094 0.000040 0.000050 0.000104 0.000081 0.000031 0.000063 0.000008 
19914 0.075638 0.021896 0.012123 0.887336 0.000237 0.001974 0.000052 0.000150 0.000072 0.000084 0.000138 0.000116 0.000073 0.000098 0.000012 
190574 0.981660 0.007816 0.000123 0.008594 0.000304 0.001326 0.000007 0.000078 0.000012 0.000012 0.000028 0.000016 0.000009 0.000014 0.000002 
3476 0.793079 0.170217 0.005438 0.015236 0.001695 0.009628 0.000484 0.000721 0.000688 0.000458 0.000929 0.000510 0.000309 0.000518 0.000087 
2868 0.024372 0.003584 0.004341 0.001532 0.000662 0.011694 0.000910 0.089964 0.228872 0.000841 0.197851 0.202764 0.142469 0.089755 0.000389 
1984 0.894117 0.022168 0.000862 0.074425 0.003713 0.003815 0.000060 0.000200 0.000067 0.000078 0.000214 0.000111 0.000053 0.000105 0.000013 
121 0.031515 0.683379 0.178796 0.037754 0.000137 0.052987 0.000113 0.012622 0.001107 0.000059 0.000277 0.000449 0.000516 0.000280 0.000010 
525 0.017112 0.002972 0.001781 0.000864 0.108711 0.005471 0.139854 0.025818 0.124506 0.133552 0.126062 0.110604 0.089884 0.078031 0.034776 
3137 0.093264 0.090145 0.018714 0.011072 0.002756 0.609586 0.001083 0.117746 0.018925 0.001091 0.004905 0.006708 0.002508 0.021144 0.000347 
1089 0.610197 0.370903 0.002550 0.011072 0.000772 0.002852 0.000079 0.000515 0.000114 0.000141 0.000291 0.000220 0.000113 0.000163 0.000019 
2911 0.068893 0.008828 0.002969 0.001759 0.902928 0.004158 0.007103 0.000373 0.000300 0.000734 0.000555 0.000324 0.000250 0.000457 0.000365 
