6751 0.021277 0.004333 0.002402 0.001334 0.451652 0.006973 0.279714 0.001242 0.000912 0.169316 0.002911 0.000681 0.000197 0.017668 0.039387 
59957 0.025114 0.909139 0.019870 0.010619 0.000182 0.032164 0.000047 0.002209 0.000192 0.000058 0.000107 0.000075 0.000065 0.000152 0.000009 
27507 0.008868 0.046871 0.833368 0.004211 0.000236 0.049292 0.001057 0.038500 0.005689 0.000102 0.003120 0.003049 0.003510 0.002082 0.000045 
22594 0.718015 0.005189 0.000698 0.274187 0.000185 0.001221 0.000033 0.000094 0.000040 0.000050 0.000104 0.000081 0.000031 0.000063 0.000008 
38621 0.075359 0.021760 0.012074 0.887814 0.000236 0.001967 0.000051 0.000150 0.000071 0.000084 0.000137 0.000116 0.000072 0.000097 0.000012 
307826 0.981677 0.007806 0.000123 0.008589 0.000303 0.001325 0.000007 0.000078 0.000012 0.000012 0.000028 0.000016 0.000009 0.000014 0.000002 
220 0.792737 0.170448 0.005464 0.015258 0.001702 0.009664 0.000486 0.000725 0.000693 0.000458 0.000933 0.000512 0.000311 0.000521 0.000086 
9225 0.024265 0.003570 0.004322 0.001526 0.000659 0.011640 0.000910 0.089843 0.228930 0.000836 0.197872 0.202726 0.142783 0.089722 0.000393 
827 0.894115 0.022172 0.000863 0.074422 0.003713 0.003815 0.000060 0.000200 0.000067 0.000078 0.000214 0.000111 0.000053 0.000105 0.000013 
167 0.031513 0.683375 0.178803 0.037753 0.000137 0.052986 0.000113 0.012622 0.001107 0.000059 0.000277 0.000449 0.000516 0.000280 0.000010 
911 0.017094 0.002970 0.001780 0.000865 0.108661 0.005467 0.139840 0.025807 0.124514 0.133553 0.126076 0.110570 0.089878 0.078107 0.034817 
5639 0.091946 0.088867 0.018459 0.010938 0.002718 0.612041 0.001069 0.118695 0.018623 0.001084 0.004912 0.006607 0.002487 0.021205 0.000343 
3893 0.610654 0.370495 0.002541 0.011046 0.000769 0.002844 0.000079 0.000513 0.000114 0.000140 0.000291 0.000219 0.000113 0.000162 0.000019 
6602 0.068605 0.008748 0.002939 0.001732 0.903424 0.004136 0.007076 0.000370 0.000296 0.000730 0.000551 0.000322 0.000248 0.000455 0.000367 
