4272 0.021301 0.004341 0.002404 0.001335 0.452309 0.006981 0.278950 0.001245 0.000913 0.169360 0.002915 0.000682 0.000197 0.017700 0.039366 
37666 0.025154 0.908971 0.019894 0.010650 0.000182 0.032228 0.000047 0.002216 0.000192 0.000058 0.000107 0.000075 0.000065 0.000153 0.000009 
17799 0.008893 0.046941 0.833084 0.004220 0.000236 0.049405 0.001058 0.038530 0.005695 0.000103 0.003129 0.003057 0.003518 0.002087 0.000045 
4566 0.716953 0.005234 0.000705 0.275184 0.000187 0.001228 0.000033 0.000095 0.000041 0.000051 0.000105 0.000081 0.000032 0.000063 0.000008 
25638 0.075423 0.021857 0.012112 0.887604 0.000237 0.001974 0.000052 0.000149 0.000072 0.000084 0.000138 0.000116 0.000072 0.000097 0.000012 
253314 0.981680 0.007809 0.000123 0.008584 0.000304 0.001324 0.000007 0.000078 0.000012 0.000012 0.000028 0.000016 0.000009 0.000014 0.000002 
3498 0.793074 0.170240 0.005436 0.015212 0.001696 0.009640 0.000484 0.000721 0.000686 0.000456 0.000930 0.000510 0.000310 0.000518 0.000086 
5747 0.024324 0.003574 0.004332 0.001530 0.000661 0.011671 0.000910 0.089846 0.228848 0.000839 0.197847 0.202808 0.142669 0.089750 0.000390 
49145 0.894504 0.022022 0.000855 0.074246 0.003684 0.003795 0.000060 0.000198 0.000067 0.000077 0.000212 0.000110 0.000052 0.000105 0.000013 
78 0.031516 0.683378 0.178796 0.037753 0.000137 0.052987 0.000113 0.012622 0.001107 0.000059 0.000277 0.000449 0.000516 0.000280 0.000010 
576 0.017112 0.002967 0.001779 0.000863 0.108706 0.005469 0.139886 0.025819 0.124519 0.133512 0.126056 0.110602 0.089880 0.078036 0.034793 
3872 0.092811 0.089744 0.018631 0.011046 0.002746 0.610531 0.001076 0.117857 0.018774 0.001095 0.004932 0.006698 0.002509 0.021204 0.000341 
621 0.610262 0.370841 0.002546 0.011072 0.000772 0.002851 0.000079 0.000515 0.000114 0.000141 0.000291 0.000220 0.000114 0.000163 0.000019 
4090 0.068651 0.008784 0.002955 0.001746 0.903271 0.004152 0.007090 0.000372 0.000297 0.000732 0.000557 0.000324 0.000249 0.000456 0.000360 
