11926 0.021240 0.004334 0.002399 0.001332 0.450289 0.006947 0.280323 0.001240 0.000909 0.169838 0.002907 0.000679 0.000196 0.017622 0.039744 
104625 0.024998 0.909569 0.019852 0.010566 0.000182 0.031935 0.000047 0.002196 0.000192 0.000058 0.000106 0.000075 0.000064 0.000152 0.000009 
55086 0.008809 0.046639 0.833868 0.004187 0.000234 0.049086 0.001055 0.038607 0.005690 0.000102 0.003097 0.003027 0.003483 0.002071 0.000044 
48568 0.719684 0.005107 0.000685 0.272653 0.000182 0.001193 0.000032 0.000093 0.000040 0.000049 0.000102 0.000079 0.000031 0.000062 0.000008 
70790 0.074876 0.021517 0.011970 0.888681 0.000235 0.001934 0.000051 0.000152 0.000071 0.000082 0.000136 0.000114 0.000071 0.000095 0.000012 
601873 0.981725 0.007781 0.000123 0.008576 0.000302 0.001317 0.000007 0.000078 0.000012 0.000012 0.000028 0.000016 0.000009 0.000014 0.000002 
409 0.792751 0.170438 0.005461 0.015256 0.001701 0.009659 0.000486 0.000724 0.000696 0.000460 0.000936 0.000513 0.000311 0.000521 0.000086 
18449 0.024140 0.003545 0.004292 0.001519 0.000654 0.011565 0.000902 0.089843 0.229695 0.000833 0.197850 0.202754 0.142755 0.089263 0.000389 
3781 0.894118 0.022164 0.000862 0.074432 0.003711 0.003812 0.000060 0.000200 0.000067 0.000078 0.000214 0.000111 0.000053 0.000105 0.000013 
357 0.031514 0.683371 0.178810 0.037752 0.000137 0.052983 0.000113 0.012622 0.001107 0.000059 0.000277 0.000449 0.000516 0.000280 0.000010 
1726 0.017083 0.002970 0.001778 0.000864 0.108541 0.005463 0.139761 0.025801 0.124524 0.133670 0.126128 0.110485 0.089784 0.078126 0.035021 
2716 0.093544 0.090320 0.018774 0.011170 0.002768 0.606003 0.001089 0.120167 0.018987 0.001098 0.004904 0.006752 0.002528 0.021542 0.000349 
11218 0.612006 0.369260 0.002522 0.010986 0.000765 0.002820 0.000080 0.000509 0.000114 0.000139 0.000290 0.000217 0.000112 0.000161 0.000019 
13008 0.068364 0.008727 0.002898 0.001747 0.903920 0.004066 0.006982 0.000365 0.000292 0.000724 0.000545 0.000317 0.000244 0.000450 0.000356 
