6617 0.021277 0.004348 0.002403 0.001335 0.451630 0.006972 0.279495 0.001243 0.000912 0.169479 0.002911 0.000681 0.000196 0.017675 0.039440 
69196 0.025100 0.909229 0.019851 0.010613 0.000181 0.032116 0.000047 0.002206 0.000192 0.000058 0.000107 0.000075 0.000065 0.000152 0.000009 
34764 0.008852 0.046785 0.833413 0.004210 0.000235 0.049386 0.001053 0.038482 0.005700 0.000102 0.003115 0.003043 0.003502 0.002078 0.000045 
34390 0.718702 0.005148 0.000693 0.273553 0.000184 0.001219 0.000032 0.000094 0.000041 0.000050 0.000103 0.000080 0.000031 0.000062 0.000008 
46088 0.075256 0.021698 0.012045 0.888012 0.000235 0.001963 0.000051 0.000151 0.000072 0.000083 0.000137 0.000115 0.000072 0.000096 0.000012 
365156 0.981683 0.007801 0.000123 0.008588 0.000303 0.001325 0.000007 0.000078 0.000012 0.000012 0.000028 0.000016 0.000009 0.000014 0.000002 
524 0.792772 0.170426 0.005459 0.015259 0.001700 0.009661 0.000486 0.000724 0.000692 0.000459 0.000933 0.000512 0.000311 0.000520 0.000088 
8681 0.024290 0.003574 0.004325 0.001533 0.000659 0.011646 0.000909 0.089825 0.229095 0.000838 0.197853 0.202684 0.142637 0.089737 0.000394 
1296 0.894115 0.022170 0.000862 0.074425 0.003713 0.003814 0.000060 0.000200 0.000067 0.000078 0.000214 0.000111 0.000053 0.000105 0.000013 
159 0.031513 0.683379 0.178797 0.037754 0.000137 0.052986 0.000113 0.012622 0.001107 0.000059 0.000277 0.000449 0.000516 0.000280 0.000010 
1104 0.017091 0.002973 0.001780 0.000865 0.108632 0.005471 0.139822 0.025808 0.124508 0.133618 0.126112 0.110530 0.089837 0.078084 0.034868 
7127 0.091382 0.088214 0.018330 0.010898 0.002700 0.612756 0.001061 0.119132 0.018788 0.001089 0.004872 0.006603 0.002459 0.021368 0.000343 
7258 0.611316 0.369883 0.002534 0.011020 0.000765 0.002838 0.000078 0.000511 0.000113 0.000140 0.000289 0.000218 0.000113 0.000162 0.000019 
5184 0.068482 0.008808 0.002948 0.001755 0.903438 0.004141 0.007083 0.000371 0.000297 0.000732 0.000553 0.000323 0.000249 0.000455 0.000363 
