7063 0.021280 0.004344 0.002409 0.001342 0.451509 0.006982 0.279409 0.001244 0.000912 0.169623 0.002910 0.000681 0.000196 0.017689 0.039468 
75842 0.025091 0.909221 0.019879 0.010605 0.000181 0.032116 0.000047 0.002204 0.000192 0.000058 0.000106 0.000075 0.000065 0.000152 0.000009 
34173 0.008855 0.046818 0.833576 0.004208 0.000235 0.049226 0.001055 0.038459 0.005681 0.000102 0.003115 0.003044 0.003503 0.002078 0.000045 
47680 0.719045 0.005113 0.000686 0.273265 0.000182 0.001213 0.000032 0.000093 0.000040 0.000049 0.000102 0.000079 0.000031 0.000062 0.000008 
46649 0.075350 0.021706 0.012038 0.887919 0.000235 0.001962 0.000051 0.000151 0.000071 0.000084 0.000137 0.000115 0.000072 0.000096 0.000012 
412100 0.981679 0.007798 0.000123 0.008596 0.000303 0.001324 0.000007 0.000078 0.000012 0.000012 0.000028 0.000016 0.000009 0.000014 0.000002 
361 0.792753 0.170437 0.005475 0.015258 0.001700 0.009656 0.000486 0.000725 0.000689 0.000458 0.000932 0.000512 0.000311 0.000520 0.000086 
6198 0.024306 0.003570 0.004330 0.001531 0.000660 0.011672 0.000907 0.089903 0.227765 0.000838 0.198166 0.203177 0.142902 0.089882 0.000391 
3227 0.894116 0.022166 0.000862 0.074431 0.003712 0.003813 0.000060 0.000200 0.000067 0.000078 0.000214 0.000111 0.000053 0.000105 0.000013 
336 0.031517 0.683373 0.178803 0.037754 0.000137 0.052984 0.000113 0.012621 0.001107 0.000059 0.000277 0.000449 0.000516 0.000280 0.000010 
766 0.017105 0.002970 0.001780 0.000866 0.108687 0.005468 0.139863 0.025813 0.124481 0.133478 0.126094 0.110601 0.089895 0.078105 0.034792 
6998 0.091257 0.088163 0.018311 0.010874 0.002700 0.612584 0.001064 0.120043 0.018545 0.001081 0.004850 0.006595 0.002472 0.021105 0.000351 
9439 0.611365 0.369856 0.002523 0.011007 0.000768 0.002841 0.000078 0.000510 0.000114 0.000139 0.000289 0.000218 0.000112 0.000161 0.000019 
5955 0.068600 0.008792 0.002943 0.001767 0.903360 0.004126 0.007072 0.000370 0.000296 0.000731 0.000551 0.000322 0.000248 0.000454 0.000365 
2690 0.079022 0.013582 0.006454 0.006032 0.000913 0.000754 0.006725 0.006441 0.874656 0.001307 0.003326 0.000283 0.000310 0.000100 0.000050 
