6652 0.021283 0.004348 0.002411 0.001334 0.451565 0.006968 0.279377 0.001243 0.000914 0.169629 0.002908 0.000681 0.000196 0.017662 0.039481 
58520 0.025119 0.909147 0.019865 0.010624 0.000182 0.032150 0.000047 0.002209 0.000192 0.000058 0.000107 0.000075 0.000065 0.000152 0.000009 
27652 0.008877 0.046857 0.833366 0.004212 0.000236 0.049311 0.001056 0.038485 0.005694 0.000102 0.003120 0.003049 0.003508 0.002082 0.000045 
31601 0.718396 0.005160 0.000693 0.273853 0.000185 0.001212 0.000033 0.000094 0.000040 0.000050 0.000103 0.000080 0.000031 0.000062 0.000008 
37147 0.075374 0.021762 0.012064 0.887806 0.000236 0.001967 0.000051 0.000150 0.000071 0.000084 0.000138 0.000116 0.000072 0.000097 0.000012 
301554 0.981675 0.007806 0.000123 0.008591 0.000303 0.001325 0.000007 0.000078 0.000012 0.000012 0.000028 0.000016 0.000009 0.000014 0.000002 
1096 0.792605 0.170530 0.005519 0.015255 0.001699 0.009664 0.000485 0.000726 0.000693 0.000459 0.000933 0.000512 0.000311 0.000521 0.000086 
6734 0.024299 0.003575 0.004329 0.001531 0.000660 0.011664 0.000909 0.089877 0.228976 0.000839 0.197860 0.202684 0.142629 0.089777 0.000393 
564 0.894114 0.022173 0.000863 0.074422 0.003713 0.003814 0.000060 0.000200 0.000067 0.000078 0.000214 0.000111 0.000053 0.000105 0.000013 
154 0.031514 0.683379 0.178797 0.037753 0.000137 0.052987 0.000113 0.012622 0.001107 0.000059 0.000277 0.000449 0.000516 0.000280 0.000010 
969 0.017097 0.002974 0.001781 0.000865 0.108649 0.005469 0.139838 0.025810 0.124530 0.133566 0.126092 0.110558 0.089848 0.078095 0.034826 
6511 0.091659 0.088483 0.018377 0.010905 0.002711 0.613165 0.001068 0.118445 0.018708 0.001075 0.004873 0.006581 0.002455 0.021146 0.000344 
6316 0.611076 0.370086 0.002538 0.011033 0.000771 0.002849 0.000078 0.000512 0.000114 0.000140 0.000289 0.000218 0.000113 0.000162 0.000019 
4912 0.068545 0.008763 0.002948 0.001742 0.903457 0.004137 0.007066 0.000371 0.000299 0.000731 0.000553 0.000323 0.000249 0.000455 0.000359 
