3661 0.021316 0.004343 0.002408 0.001337 0.452473 0.006987 0.278896 0.001247 0.000913 0.169305 0.002913 0.000683 0.000197 0.017674 0.039306 
27285 0.025179 0.908879 0.019913 0.010659 0.000182 0.032260 0.000047 0.002219 0.000192 0.000058 0.000107 0.000075 0.000065 0.000153 0.000009 
13234 0.008903 0.046987 0.832941 0.004227 0.000237 0.049443 0.001059 0.038557 0.005691 0.000103 0.003133 0.003061 0.003522 0.002090 0.000045 
11824 0.717503 0.005219 0.000703 0.274654 0.000187 0.001224 0.000033 0.000095 0.000041 0.000051 0.000104 0.000081 0.000032 0.000063 0.000008 
20825 0.075565 0.021885 0.012123 0.887415 0.000239 0.001977 0.000052 0.000150 0.000072 0.000084 0.000138 0.000116 0.000073 0.000097 0.000012 
138123 0.981659 0.007820 0.000123 0.008590 0.000304 0.001327 0.000007 0.000078 0.000012 0.000012 0.000028 0.000016 0.000009 0.000014 0.000002 
401 0.792670 0.170486 0.005494 0.015261 0.001702 0.009664 0.000486 0.000724 0.000691 0.000458 0.000934 0.000512 0.000311 0.000520 0.000086 
4450 0.024340 0.003577 0.004337 0.001532 0.000662 0.011680 0.000909 0.089933 0.228805 0.000841 0.197844 0.202711 0.142632 0.089803 0.000393 
109 0.894114 0.022174 0.000863 0.074420 0.003715 0.003815 0.000060 0.000200 0.000067 0.000078 0.000214 0.000111 0.000053 0.000105 0.000013 
59 0.031513 0.683378 0.178796 0.037754 0.000137 0.052987 0.000113 0.012622 0.001107 0.000059 0.000278 0.000449 0.000516 0.000280 0.000010 
705 0.017096 0.002971 0.001780 0.000867 0.108686 0.005472 0.139840 0.025814 0.124506 0.133573 0.126062 0.110571 0.089872 0.078087 0.034802 
3284 0.093156 0.090071 0.018710 0.011101 0.002761 0.610195 0.001078 0.117425 0.018754 0.001090 0.004922 0.006701 0.002508 0.021176 0.000345 
1954 0.610197 0.370889 0.002566 0.011064 0.000773 0.002856 0.000079 0.000514 0.000115 0.000141 0.000291 0.000220 0.000113 0.000163 0.000019 
5169 0.068736 0.008785 0.002949 0.001761 0.903214 0.004138 0.007072 0.000371 0.000297 0.000731 0.000554 0.000323 0.000249 0.000455 0.000361 
