4620 0.021309 0.004343 0.002406 0.001335 0.452412 0.006979 0.278909 0.001244 0.000914 0.169330 0.002911 0.000682 0.000197 0.017672 0.039358 
37264 0.025156 0.908954 0.019900 0.010650 0.000181 0.032237 0.000047 0.002216 0.000192 0.000058 0.000107 0.000075 0.000065 0.000153 0.000009 
19726 0.008888 0.046928 0.832942 0.004220 0.000236 0.049556 0.001057 0.038542 0.005698 0.000103 0.003127 0.003056 0.003516 0.002086 0.000045 
3152 0.716857 0.005242 0.000707 0.275266 0.000189 0.001228 0.000033 0.000096 0.000041 0.000051 0.000105 0.000082 0.000032 0.000064 0.000008 
26684 0.075409 0.021843 0.012099 0.887649 0.000237 0.001970 0.000052 0.000150 0.000071 0.000084 0.000138 0.000116 0.000072 0.000097 0.000012 
234832 0.981680 0.007811 0.000123 0.008580 0.000304 0.001325 0.000007 0.000078 0.000012 0.000012 0.000028 0.000016 0.000009 0.000014 0.000002 
5188 0.793243 0.170120 0.005429 0.015197 0.001694 0.009619 0.000483 0.000720 0.000689 0.000456 0.000928 0.000509 0.000309 0.000517 0.000086 
5531 0.024325 0.003578 0.004335 0.001529 0.000660 0.011669 0.000910 0.089901 0.228895 0.000839 0.197853 0.202717 0.142600 0.089795 0.000393 
57519 0.894577 0.022002 0.000854 0.074201 0.003680 0.003794 0.000059 0.000198 0.000066 0.000077 0.000212 0.000110 0.000052 0.000104 0.000013 
19 0.031516 0.683379 0.178794 0.037754 0.000137 0.052987 0.000113 0.012622 0.001107 0.000059 0.000277 0.000449 0.000516 0.000280 0.000010 
667 0.017114 0.002969 0.001780 0.000863 0.108714 0.005470 0.139865 0.025818 0.124531 0.133508 0.126074 0.110601 0.089883 0.078028 0.034781 
3909 0.093268 0.089861 0.018717 0.011047 0.002757 0.609866 0.001081 0.117603 0.018840 0.001093 0.004982 0.006680 0.002502 0.021358 0.000340 
379 0.610203 0.370881 0.002552 0.011075 0.000775 0.002855 0.000079 0.000516 0.000114 0.000141 0.000292 0.000220 0.000114 0.000163 0.000019 
3154 0.068722 0.008784 0.002964 0.001756 0.903153 0.004155 0.007100 0.000377 0.000298 0.000736 0.000555 0.000326 0.000250 0.000457 0.000363 
