2995 0.021323 0.004352 0.002417 0.001336 0.452662 0.006986 0.278819 0.001245 0.000914 0.169165 0.002913 0.000683 0.000197 0.017681 0.039307 
42180 0.025149 0.908993 0.019884 0.010643 0.000181 0.032229 0.000047 0.002214 0.000193 0.000058 0.000107 0.000075 0.000065 0.000153 0.000009 
17058 0.008895 0.046954 0.833044 0.004221 0.000236 0.049418 0.001064 0.038516 0.005712 0.000103 0.003129 0.003058 0.003519 0.002088 0.000045 
23137 0.718310 0.005186 0.000696 0.273897 0.000185 0.001223 0.000033 0.000094 0.000040 0.000050 0.000104 0.000080 0.000031 0.000063 0.000008 
22907 0.075557 0.021884 0.012115 0.887437 0.000237 0.001976 0.000052 0.000150 0.000072 0.000084 0.000138 0.000116 0.000073 0.000097 0.000012 
301774 0.981670 0.007806 0.000123 0.008596 0.000304 0.001324 0.000007 0.000078 0.000012 0.000012 0.000028 0.000016 0.000009 0.000014 0.000002 
6595 0.793386 0.169997 0.005417 0.015210 0.001691 0.009611 0.000482 0.000719 0.000687 0.000455 0.000926 0.000508 0.000308 0.000516 0.000086 
3816 0.024380 0.003586 0.004337 0.001531 0.000661 0.011688 0.000913 0.089894 0.229037 0.000840 0.197785 0.202737 0.142485 0.089731 0.000392 
6391 0.894127 0.022154 0.000861 0.074436 0.003709 0.003812 0.000060 0.000200 0.000067 0.000078 0.000214 0.000111 0.000053 0.000105 0.000013 
48 0.031516 0.683377 0.178796 0.037754 0.000137 0.052987 0.000113 0.012622 0.001107 0.000059 0.000277 0.000449 0.000516 0.000280 0.000010 
619 0.017112 0.002968 0.001781 0.000862 0.108694 0.005470 0.139857 0.025813 0.124498 0.133518 0.126090 0.110589 0.089880 0.078059 0.034807 
3809 0.092980 0.089817 0.018648 0.011038 0.002748 0.609963 0.001080 0.118068 0.019006 0.001085 0.004914 0.006693 0.002513 0.021107 0.000335 
631 0.610208 0.370894 0.002546 0.011072 0.000773 0.002852 0.000079 0.000515 0.000114 0.000141 0.000291 0.000220 0.000113 0.000163 0.000019 
3315 0.068788 0.008822 0.002962 0.001744 0.903074 0.004153 0.007105 0.000372 0.000298 0.000734 0.000556 0.000324 0.000249 0.000457 0.000360 
