1300 0.021361 0.004357 0.002415 0.001339 0.453124 0.006992 0.278559 0.001246 0.000915 0.169012 0.002916 0.000684 0.000197 0.017681 0.039202 
14057 0.025212 0.908761 0.019933 0.010674 0.000182 0.032305 0.000047 0.002224 0.000193 0.000058 0.000107 0.000076 0.000065 0.000153 0.000009 
6046 0.008921 0.047057 0.832676 0.004229 0.000237 0.049549 0.001060 0.038595 0.005702 0.000103 0.003138 0.003067 0.003529 0.002094 0.000045 
2569 0.716890 0.005244 0.000706 0.275233 0.000188 0.001228 0.000033 0.000095 0.000041 0.000051 0.000105 0.000081 0.000032 0.000064 0.000008 
8492 0.075739 0.021998 0.012178 0.887064 0.000241 0.001983 0.000052 0.000151 0.000072 0.000084 0.000139 0.000117 0.000073 0.000098 0.000012 
127194 0.981663 0.007820 0.000123 0.008587 0.000304 0.001326 0.000007 0.000078 0.000012 0.000012 0.000028 0.000016 0.000009 0.000014 0.000002 
136 0.792766 0.170439 0.005456 0.015255 0.001703 0.009660 0.000485 0.000724 0.000691 0.000458 0.000933 0.000512 0.000311 0.000520 0.000086 
1817 0.024388 0.003584 0.004344 0.001532 0.000663 0.011704 0.000910 0.089943 0.228843 0.000840 0.197844 0.202737 0.142467 0.089810 0.000390 
20756 0.894261 0.022112 0.000859 0.074358 0.003706 0.003806 0.000060 0.000199 0.000067 0.000077 0.000213 0.000110 0.000052 0.000105 0.000013 
2 0.031518 0.683378 0.178793 0.037753 0.000137 0.052988 0.000113 0.012622 0.001107 0.000059 0.000277 0.000449 0.000516 0.000280 0.000010 
177 0.017128 0.002967 0.001778 0.000861 0.108763 0.005474 0.139883 0.025829 0.124553 0.133446 0.126054 0.110638 0.089913 0.077980 0.034730 
1511 0.094383 0.090985 0.018901 0.011157 0.002813 0.608139 0.001101 0.116620 0.018894 0.001101 0.004969 0.006779 0.002524 0.021289 0.000339 
1158 0.610306 0.370810 0.002543 0.011065 0.000771 0.002851 0.000078 0.000515 0.000114 0.000140 0.000291 0.000220 0.000113 0.000163 0.000019 
2410 0.069176 0.008840 0.002962 0.001803 0.902605 0.004150 0.007104 0.000373 0.000298 0.000735 0.000557 0.000325 0.000250 0.000458 0.000361 
