6552 0.025906 0.004181 0.002321 0.001432 0.000800 0.001561 0.000941 0.240134 0.025296 0.002207 0.180834 0.184009 0.175068 0.000682 0.056196 0.096983 0.000797 0.000651 
7604 0.848898 0.126442 0.001531 0.002741 0.010741 0.000775 0.000093 0.000169 0.000056 0.006189 0.000398 0.000207 0.000149 0.000151 0.001169 0.000233 0.000015 0.000044 
311351 0.985606 0.006264 0.000093 0.006550 0.000139 0.000338 0.000008 0.000014 0.000010 0.000644 0.000025 0.000014 0.000011 0.000010 0.000253 0.000012 0.000002 0.000005 
30602 0.092266 0.011079 0.017345 0.876423 0.000267 0.000594 0.000081 0.000099 0.000158 0.000696 0.000154 0.000135 0.000110 0.000098 0.000322 0.000115 0.000018 0.000040 
29708 0.006624 0.009479 0.862859 0.002884 0.000242 0.067748 0.000168 0.001645 0.035398 0.003498 0.000122 0.000117 0.000156 0.000090 0.008664 0.000177 0.000052 0.000077 
5527 0.020870 0.004244 0.002339 0.001145 0.440224 0.003480 0.282720 0.000790 0.000484 0.001880 0.002518 0.000373 0.000273 0.108905 0.001796 0.012011 0.060728 0.055221 
6135 0.946871 0.015410 0.000323 0.034278 0.000813 0.000656 0.000021 0.000038 0.000022 0.001061 0.000079 0.000045 0.000034 0.000029 0.000259 0.000042 0.000006 0.000013 
65919 0.028539 0.917259 0.014913 0.011183 0.000176 0.015579 0.000055 0.000349 0.001061 0.008342 0.000092 0.000071 0.000059 0.000054 0.002147 0.000076 0.000014 0.000028 
1168 0.736876 0.130026 0.037704 0.050773 0.010890 0.004574 0.002975 0.003654 0.001505 0.002557 0.005219 0.002887 0.002401 0.002026 0.001548 0.002806 0.000712 0.000858 
51019 0.783045 0.007167 0.000515 0.207345 0.000165 0.000415 0.000039 0.000051 0.000037 0.000553 0.000093 0.000079 0.000055 0.000055 0.000287 0.000067 0.000007 0.000022 
905 0.020668 0.003692 0.002088 0.001095 0.122582 0.003982 0.130349 0.107483 0.006168 0.003568 0.112972 0.094179 0.076235 0.091029 0.025303 0.094542 0.052610 0.051450 
3274 0.709771 0.277903 0.001307 0.006519 0.000483 0.001118 0.000059 0.000115 0.000034 0.001665 0.000212 0.000162 0.000109 0.000099 0.000283 0.000121 0.000012 0.000026 
869 0.011397 0.116781 0.637589 0.010799 0.005221 0.056956 0.002755 0.015560 0.077604 0.007253 0.012675 0.010525 0.008644 0.001506 0.018404 0.005194 0.000439 0.000697 
77 0.183257 0.650715 0.003861 0.130654 0.000407 0.009678 0.000245 0.000432 0.007103 0.008490 0.000202 0.000242 0.000112 0.000105 0.002940 0.000274 0.000736 0.000545 
1951 0.010003 0.722264 0.187375 0.005849 0.000125 0.041973 0.000084 0.000539 0.013708 0.012662 0.000058 0.000051 0.000054 0.000043 0.005086 0.000074 0.000022 0.000032 
5763 0.077219 0.007910 0.002126 0.001791 0.856568 0.001887 0.010320 0.000502 0.000209 0.003492 0.000677 0.000328 0.000282 0.009943 0.000467 0.001420 0.015388 0.009469 
