8888 0.025888 0.004172 0.002317 0.001432 0.000799 0.001559 0.000942 0.240169 0.025293 0.002217 0.180721 0.184113 0.175082 0.000683 0.056230 0.096938 0.000796 0.000650 
1592 0.848673 0.126611 0.001536 0.002745 0.010769 0.000778 0.000094 0.000169 0.000057 0.006192 0.000400 0.000208 0.000149 0.000152 0.001174 0.000234 0.000015 0.000044 
391576 0.985617 0.006259 0.000093 0.006548 0.000139 0.000337 0.000008 0.000013 0.000010 0.000643 0.000025 0.000014 0.000011 0.000010 0.000252 0.000012 0.000002 0.000005 
41914 0.092234 0.011034 0.017271 0.876586 0.000264 0.000591 0.000080 0.000098 0.000158 0.000694 0.000153 0.000135 0.000109 0.000098 0.000321 0.000115 0.000018 0.000040 
38032 0.006604 0.009472 0.862863 0.002878 0.000241 0.067676 0.000169 0.001648 0.035504 0.003488 0.000121 0.000117 0.000155 0.000090 0.008669 0.000176 0.000052 0.000078 
13013 0.020859 0.004248 0.002332 0.001145 0.439790 0.003469 0.282895 0.000789 0.000487 0.001874 0.002515 0.000373 0.000273 0.109048 0.001800 0.012018 0.060832 0.055254 
11628 0.946864 0.015408 0.000322 0.034288 0.000813 0.000657 0.000021 0.000038 0.000022 0.001061 0.000079 0.000045 0.000034 0.000029 0.000259 0.000042 0.000006 0.000013 
82435 0.028507 0.917343 0.014917 0.011174 0.000176 0.015548 0.000056 0.000350 0.001058 0.008334 0.000091 0.000071 0.000059 0.000054 0.002145 0.000076 0.000014 0.000028 
450 0.739101 0.128918 0.036847 0.051133 0.010930 0.004120 0.002922 0.003659 0.001454 0.002459 0.005268 0.002894 0.002391 0.002036 0.001536 0.002769 0.000705 0.000851 
57141 0.783130 0.007153 0.000514 0.207284 0.000165 0.000414 0.000039 0.000051 0.000037 0.000547 0.000093 0.000079 0.000055 0.000055 0.000286 0.000067 0.000007 0.000022 
465 0.020673 0.003693 0.002087 0.001097 0.122584 0.003985 0.130417 0.107492 0.006174 0.003569 0.112989 0.094191 0.076233 0.091019 0.025307 0.094524 0.052577 0.051386 
8777 0.710840 0.276928 0.001284 0.006490 0.000480 0.001105 0.000059 0.000114 0.000033 0.001648 0.000210 0.000162 0.000108 0.000099 0.000282 0.000120 0.000012 0.000026 
978 0.011403 0.116774 0.637555 0.010803 0.005220 0.056947 0.002754 0.015544 0.077664 0.007248 0.012671 0.010524 0.008643 0.001506 0.018415 0.005192 0.000439 0.000697 
73 0.182551 0.650889 0.004819 0.130159 0.000406 0.009769 0.000245 0.000431 0.007087 0.008498 0.000201 0.000241 0.000112 0.000105 0.002937 0.000273 0.000733 0.000543 
2385 0.010085 0.720633 0.186889 0.005842 0.002285 0.041876 0.000094 0.000538 0.013684 0.012639 0.000058 0.000051 0.000054 0.000046 0.005077 0.000075 0.000033 0.000039 
130 0.734658 0.122308 0.047827 0.041052 0.011617 0.006917 0.005891 0.004073 0.003277 0.003234 0.003188 0.003061 0.002828 0.002663 0.002298 0.002112 0.001576 0.001419 
