11026 0.025833 0.004167 0.002313 0.001430 0.000797 0.001557 0.000938 0.240011 0.025265 0.002207 0.180766 0.184226 0.175270 0.000680 0.056195 0.096899 0.000792 0.000654 
746 0.848669 0.126622 0.001536 0.002745 0.010768 0.000778 0.000093 0.000169 0.000057 0.006188 0.000400 0.000208 0.000149 0.000152 0.001173 0.000234 0.000015 0.000044 
368969 0.985616 0.006260 0.000093 0.006546 0.000139 0.000337 0.000008 0.000014 0.000010 0.000644 0.000025 0.000014 0.000011 0.000010 0.000252 0.000012 0.000002 0.000005 
40129 0.092164 0.011047 0.017300 0.876615 0.000264 0.000593 0.000080 0.000098 0.000157 0.000692 0.000153 0.000135 0.000109 0.000098 0.000322 0.000115 0.000018 0.000039 
38009 0.006607 0.009473 0.862786 0.002878 0.000242 0.067752 0.000168 0.001635 0.035494 0.003492 0.000122 0.000116 0.000156 0.000090 0.008683 0.000176 0.000051 0.000077 
7183 0.020840 0.004241 0.002329 0.001143 0.439703 0.003469 0.283050 0.000789 0.000485 0.001878 0.002518 0.000373 0.000273 0.109037 0.001796 0.012009 0.060777 0.055289 
2135 0.946874 0.015414 0.000323 0.034271 0.000814 0.000657 0.000021 0.000038 0.000022 0.001061 0.000079 0.000045 0.000034 0.000029 0.000259 0.000042 0.000006 0.000013 
81906 0.028486 0.917299 0.014945 0.011178 0.000176 0.015557 0.000055 0.000349 0.001059 0.008357 0.000091 0.000071 0.000059 0.000054 0.002146 0.000076 0.000014 0.000028 
171 0.739287 0.128879 0.036664 0.051139 0.010980 0.004118 0.002872 0.003743 0.001439 0.002437 0.005224 0.002903 0.002405 0.002056 0.001521 0.002764 0.000699 0.000862 
43652 0.782921 0.007184 0.000517 0.207454 0.000166 0.000414 0.000039 0.000051 0.000037 0.000549 0.000094 0.000079 0.000055 0.000055 0.000288 0.000067 0.000007 0.000022 
1199 0.020662 0.003705 0.002090 0.001094 0.122531 0.003978 0.130368 0.107493 0.006170 0.003559 0.112961 0.094127 0.076212 0.091106 0.025299 0.094550 0.052601 0.051493 
7084 0.710728 0.277032 0.001287 0.006504 0.000483 0.001103 0.000059 0.000115 0.000033 0.001634 0.000212 0.000162 0.000109 0.000099 0.000282 0.000120 0.000012 0.000026 
904 0.011393 0.116791 0.637567 0.010800 0.005223 0.056940 0.002748 0.015540 0.077663 0.007249 0.012676 0.010526 0.008644 0.001506 0.018405 0.005196 0.000437 0.000696 
18 0.183248 0.650721 0.003861 0.130657 0.000408 0.009676 0.000245 0.000432 0.007104 0.008490 0.000202 0.000242 0.000112 0.000105 0.002940 0.000274 0.000736 0.000545 
5337 0.009992 0.722200 0.187491 0.005844 0.000125 0.041954 0.000084 0.000538 0.013693 0.012661 0.000058 0.000051 0.000054 0.000043 0.005084 0.000073 0.000022 0.000032 
6508 0.077315 0.007897 0.002123 0.001805 0.856523 0.001883 0.010302 0.000499 0.000209 0.003483 0.000677 0.000328 0.000282 0.009939 0.000469 0.001420 0.015374 0.009472 
