7230 0.025903 0.004177 0.002319 0.001431 0.000800 0.001561 0.000939 0.240280 0.025286 0.002209 0.180722 0.184110 0.175063 0.000681 0.056197 0.096880 0.000793 0.000650 
860 0.848683 0.126614 0.001535 0.002744 0.010771 0.000777 0.000093 0.000169 0.000057 0.006182 0.000399 0.000208 0.000149 0.000152 0.001173 0.000233 0.000015 0.000045 
426441 0.985618 0.006255 0.000093 0.006548 0.000139 0.000337 0.000008 0.000014 0.000010 0.000645 0.000025 0.000014 0.000011 0.000010 0.000252 0.000012 0.000002 0.000005 
39516 0.092333 0.011052 0.017281 0.876457 0.000264 0.000595 0.000080 0.000098 0.000156 0.000694 0.000153 0.000135 0.000109 0.000098 0.000321 0.000114 0.000019 0.000039 
34160 0.006612 0.009473 0.862765 0.002879 0.000242 0.067835 0.000169 0.001659 0.035417 0.003498 0.000121 0.000117 0.000155 0.000090 0.008661 0.000177 0.000051 0.000077 
6191 0.020850 0.004252 0.002341 0.001143 0.440006 0.003469 0.282821 0.000790 0.000484 0.001877 0.002518 0.000373 0.000273 0.108924 0.001794 0.012014 0.060823 0.055247 
9686 0.946870 0.015407 0.000322 0.034283 0.000813 0.000656 0.000021 0.000038 0.000022 0.001061 0.000079 0.000045 0.000034 0.000029 0.000259 0.000042 0.000006 0.000013 
80960 0.028529 0.917291 0.014911 0.011171 0.000175 0.015550 0.000055 0.000349 0.001059 0.008373 0.000091 0.000071 0.000059 0.000054 0.002142 0.000076 0.000014 0.000029 
192 0.739287 0.128967 0.036708 0.051107 0.010957 0.004143 0.002890 0.003635 0.001452 0.002443 0.005217 0.002904 0.002394 0.002046 0.001531 0.002752 0.000702 0.000856 
61180 0.783398 0.007145 0.000514 0.207018 0.000165 0.000415 0.000039 0.000051 0.000037 0.000556 0.000093 0.000078 0.000055 0.000055 0.000286 0.000067 0.000007 0.000022 
968 0.020682 0.003693 0.002086 0.001095 0.122565 0.003982 0.130383 0.107514 0.006174 0.003563 0.112974 0.094179 0.076226 0.091006 0.025296 0.094551 0.052588 0.051440 
9159 0.710818 0.276925 0.001283 0.006491 0.000479 0.001103 0.000059 0.000114 0.000033 0.001675 0.000210 0.000161 0.000108 0.000098 0.000282 0.000120 0.000012 0.000026 
1295 0.011394 0.116757 0.637462 0.010797 0.005219 0.056956 0.002762 0.015573 0.077740 0.007258 0.012670 0.010522 0.008644 0.001505 0.018417 0.005190 0.000437 0.000696 
5 0.183255 0.650722 0.003859 0.130651 0.000407 0.009676 0.000245 0.000432 0.007105 0.008491 0.000202 0.000242 0.000112 0.000105 0.002940 0.000274 0.000736 0.000545 
2322 0.010001 0.722298 0.187367 0.005849 0.000125 0.041958 0.000084 0.000539 0.013706 0.012655 0.000058 0.000051 0.000054 0.000043 0.005085 0.000074 0.000022 0.000032 
6218 0.077152 0.007901 0.002121 0.001779 0.856726 0.001878 0.010291 0.000501 0.000209 0.003481 0.000675 0.000328 0.000282 0.009934 0.000467 0.001419 0.015382 0.009472 
