9939 0.025839 0.004170 0.002316 0.001430 0.000798 0.001558 0.000937 0.240224 0.025283 0.002207 0.180715 0.184145 0.175172 0.000680 0.056231 0.096845 0.000799 0.000650 
782 0.848678 0.126618 0.001536 0.002745 0.010773 0.000777 0.000094 0.000169 0.000057 0.006179 0.000399 0.000208 0.000149 0.000152 0.001173 0.000234 0.000015 0.000044 
389151 0.985617 0.006258 0.000093 0.006547 0.000139 0.000337 0.000008 0.000013 0.000010 0.000644 0.000025 0.000014 0.000011 0.000010 0.000252 0.000012 0.000002 0.000005 
55156 0.092079 0.010987 0.017201 0.876870 0.000262 0.000592 0.000080 0.000098 0.000157 0.000692 0.000152 0.000134 0.000109 0.000097 0.000319 0.000114 0.000018 0.000039 
46547 0.006588 0.009454 0.862758 0.002874 0.000241 0.067858 0.000167 0.001650 0.035476 0.003488 0.000121 0.000116 0.000155 0.000090 0.008659 0.000176 0.000051 0.000077 
5845 0.020856 0.004255 0.002342 0.001146 0.440184 0.003474 0.282849 0.000791 0.000484 0.001876 0.002523 0.000373 0.000273 0.108854 0.001794 0.012010 0.060714 0.055200 
5512 0.946873 0.015411 0.000323 0.034275 0.000813 0.000657 0.000021 0.000038 0.000022 0.001060 0.000079 0.000045 0.000034 0.000029 0.000259 0.000042 0.000006 0.000013 
99240 0.028457 0.917378 0.014919 0.011159 0.000175 0.015548 0.000055 0.000350 0.001057 0.008367 0.000091 0.000070 0.000059 0.000054 0.002141 0.000076 0.000014 0.000028 
124 0.739259 0.128970 0.036678 0.051178 0.010949 0.004119 0.002869 0.003670 0.001440 0.002438 0.005222 0.002904 0.002412 0.002037 0.001524 0.002762 0.000699 0.000861 
76551 0.783492 0.007108 0.000511 0.206970 0.000164 0.000412 0.000039 0.000051 0.000037 0.000555 0.000092 0.000078 0.000054 0.000055 0.000285 0.000066 0.000007 0.000022 
1574 0.020643 0.003693 0.002086 0.001097 0.122427 0.003983 0.130239 0.107375 0.006172 0.003561 0.113017 0.094082 0.076151 0.091160 0.025291 0.094760 0.052736 0.051526 
9099 0.710931 0.276841 0.001286 0.006494 0.000481 0.001105 0.000059 0.000114 0.000033 0.001636 0.000210 0.000162 0.000108 0.000098 0.000282 0.000120 0.000012 0.000026 
1406 0.011386 0.116758 0.637468 0.010798 0.005218 0.056943 0.002762 0.015562 0.077768 0.007250 0.012669 0.010521 0.008643 0.001505 0.018420 0.005192 0.000439 0.000696 
35 0.183242 0.650722 0.003860 0.130664 0.000407 0.009675 0.000245 0.000432 0.007105 0.008490 0.000202 0.000242 0.000112 0.000105 0.002940 0.000274 0.000736 0.000545 
3427 0.009998 0.722261 0.187416 0.005847 0.000125 0.041958 0.000084 0.000538 0.013701 0.012654 0.000058 0.000051 0.000054 0.000043 0.005084 0.000074 0.000022 0.000032 
7591 0.077060 0.007913 0.002118 0.001786 0.856906 0.001883 0.010277 0.000498 0.000208 0.003506 0.000673 0.000327 0.000281 0.009905 0.000474 0.001419 0.015324 0.009439 
