7164 0.025883 0.004170 0.002318 0.001433 0.000800 0.001561 0.000940 0.239828 0.025293 0.002219 0.180847 0.184043 0.175194 0.000681 0.056326 0.097019 0.000794 0.000651 
844 0.848651 0.126625 0.001536 0.002745 0.010783 0.000777 0.000093 0.000169 0.000057 0.006189 0.000400 0.000208 0.000150 0.000152 0.001173 0.000234 0.000015 0.000044 
135719 0.985613 0.006276 0.000093 0.006531 0.000140 0.000338 0.000008 0.000013 0.000010 0.000642 0.000025 0.000014 0.000011 0.000011 0.000254 0.000012 0.000002 0.000005 
26046 0.092171 0.011098 0.017394 0.876436 0.000265 0.000599 0.000081 0.000099 0.000159 0.000700 0.000154 0.000136 0.000110 0.000099 0.000323 0.000116 0.000019 0.000040 
17479 0.006647 0.009505 0.863099 0.002894 0.000243 0.067496 0.000169 0.001628 0.035345 0.003500 0.000122 0.000117 0.000156 0.000090 0.008681 0.000178 0.000052 0.000078 
5493 0.020919 0.004258 0.002334 0.001148 0.441895 0.003460 0.281865 0.000790 0.000483 0.001908 0.002516 0.000373 0.000273 0.108559 0.001794 0.011991 0.060435 0.054999 
60865 0.946968 0.015356 0.000321 0.034233 0.000812 0.000655 0.000021 0.000037 0.000022 0.001069 0.000079 0.000044 0.000034 0.000029 0.000258 0.000042 0.000006 0.000012 
37299 0.028580 0.917166 0.014940 0.011213 0.000176 0.015588 0.000055 0.000349 0.001064 0.008315 0.000092 0.000071 0.000060 0.000055 0.002156 0.000076 0.000014 0.000029 
19 0.739344 0.128984 0.036705 0.051195 0.010941 0.004122 0.002874 0.003556 0.001442 0.002436 0.005202 0.002903 0.002402 0.002040 0.001521 0.002771 0.000697 0.000855 
8049 0.782186 0.007256 0.000523 0.208100 0.000168 0.000417 0.000040 0.000052 0.000038 0.000545 0.000095 0.000080 0.000056 0.000056 0.000292 0.000068 0.000007 0.000022 
672 0.020677 0.003696 0.002088 0.001101 0.122650 0.003986 0.130366 0.107543 0.006174 0.003572 0.113032 0.094202 0.076257 0.091039 0.025330 0.094370 0.052502 0.051414 
560 0.710005 0.277707 0.001294 0.006528 0.000484 0.001109 0.000060 0.000115 0.000034 0.001636 0.000213 0.000163 0.000110 0.000100 0.000284 0.000121 0.000012 0.000026 
416 0.011398 0.116815 0.637661 0.010803 0.005223 0.056936 0.002744 0.015523 0.077555 0.007249 0.012678 0.010530 0.008647 0.001506 0.018399 0.005195 0.000439 0.000696 
22 0.183248 0.650724 0.003859 0.130648 0.000408 0.009678 0.000246 0.000432 0.007103 0.008496 0.000202 0.000242 0.000112 0.000105 0.002940 0.000274 0.000736 0.000545 
580 0.010005 0.722287 0.187353 0.005851 0.000125 0.041970 0.000084 0.000539 0.013713 0.012651 0.000059 0.000051 0.000054 0.000043 0.005087 0.000074 0.000022 0.000032 
2191 0.077659 0.007925 0.002148 0.001798 0.855646 0.001897 0.010390 0.000506 0.000212 0.003465 0.000684 0.000332 0.000286 0.010057 0.000473 0.001437 0.015521 0.009564 
