6933 0.025889 0.004175 0.002321 0.001432 0.000801 0.001563 0.000941 0.240102 0.025295 0.002206 0.180802 0.184027 0.175086 0.000683 0.056240 0.096991 0.000794 0.000651 
3563 0.848843 0.126443 0.001533 0.002740 0.010781 0.000777 0.000094 0.000169 0.000056 0.006191 0.000399 0.000207 0.000149 0.000151 0.001172 0.000234 0.000015 0.000044 
227192 0.985634 0.006267 0.000093 0.006519 0.000142 0.000337 0.000008 0.000014 0.000010 0.000641 0.000025 0.000014 0.000011 0.000010 0.000253 0.000012 0.000002 0.000005 
34322 0.092162 0.011061 0.017325 0.876565 0.000265 0.000596 0.000080 0.000098 0.000159 0.000695 0.000153 0.000135 0.000110 0.000098 0.000322 0.000115 0.000018 0.000040 
28613 0.006626 0.009477 0.862894 0.002891 0.000242 0.067714 0.000169 0.001650 0.035382 0.003492 0.000122 0.000117 0.000156 0.000090 0.008671 0.000177 0.000052 0.000077 
5571 0.020865 0.004250 0.002333 0.001145 0.440264 0.003466 0.282641 0.000793 0.000484 0.001877 0.002521 0.000373 0.000273 0.108932 0.001798 0.012012 0.060774 0.055199 
143431 0.947053 0.015282 0.000319 0.034234 0.000806 0.000654 0.000021 0.000038 0.000022 0.001071 0.000078 0.000044 0.000034 0.000028 0.000256 0.000042 0.000006 0.000012 
56599 0.028546 0.917252 0.014908 0.011197 0.000176 0.015574 0.000055 0.000349 0.001062 0.008335 0.000092 0.000071 0.000059 0.000054 0.002149 0.000076 0.000014 0.000029 
132 0.739185 0.129040 0.036741 0.051146 0.010941 0.004146 0.002888 0.003656 0.001439 0.002443 0.005212 0.002898 0.002394 0.002037 0.001530 0.002743 0.000696 0.000854 
17890 0.782201 0.007235 0.000521 0.208112 0.000167 0.000417 0.000040 0.000052 0.000038 0.000545 0.000094 0.000080 0.000056 0.000056 0.000290 0.000068 0.000007 0.000022 
1111 0.020669 0.003687 0.002085 0.001096 0.122531 0.003989 0.130374 0.107506 0.006178 0.003566 0.112983 0.094157 0.076192 0.091014 0.025320 0.094556 0.052605 0.051489 
2419 0.710077 0.277640 0.001292 0.006524 0.000483 0.001108 0.000061 0.000114 0.000034 0.001640 0.000212 0.000163 0.000109 0.000099 0.000285 0.000121 0.000012 0.000026 
769 0.011399 0.116780 0.637572 0.010798 0.005221 0.056965 0.002745 0.015533 0.077636 0.007251 0.012675 0.010529 0.008647 0.001506 0.018414 0.005195 0.000438 0.000696 
2 0.183254 0.650722 0.003859 0.130652 0.000408 0.009676 0.000245 0.000432 0.007104 0.008491 0.000202 0.000242 0.000112 0.000105 0.002940 0.000274 0.000736 0.000545 
1354 0.010004 0.722290 0.187355 0.005850 0.000125 0.041971 0.000084 0.000539 0.013710 0.012652 0.000058 0.000051 0.000054 0.000043 0.005087 0.000074 0.000022 0.000032 
8150 0.077309 0.007855 0.002111 0.001786 0.856711 0.001875 0.010294 0.000499 0.000208 0.003511 0.000676 0.000326 0.000281 0.009906 0.000465 0.001413 0.015325 0.009446 
