9111 0.025856 0.004168 0.002317 0.001430 0.000799 0.001557 0.000938 0.239965 0.025327 0.002207 0.180819 0.184106 0.175234 0.000682 0.056238 0.096908 0.000796 0.000651 
5597 0.848826 0.126514 0.001532 0.002740 0.010750 0.000776 0.000093 0.000168 0.000056 0.006174 0.000399 0.000207 0.000149 0.000151 0.001171 0.000233 0.000015 0.000044 
296874 0.985616 0.006264 0.000093 0.006541 0.000140 0.000337 0.000008 0.000013 0.000010 0.000643 0.000025 0.000014 0.000011 0.000010 0.000253 0.000012 0.000002 0.000005 
34190 0.092176 0.011066 0.017328 0.876547 0.000265 0.000594 0.000081 0.000098 0.000159 0.000694 0.000153 0.000135 0.000110 0.000098 0.000321 0.000115 0.000018 0.000040 
29535 0.006621 0.009489 0.862889 0.002886 0.000242 0.067647 0.000170 0.001635 0.035460 0.003492 0.000122 0.000117 0.000156 0.000090 0.008679 0.000177 0.000052 0.000077 
8758 0.020995 0.004231 0.002317 0.001138 0.442206 0.003450 0.281901 0.000788 0.000481 0.001897 0.002508 0.000371 0.000272 0.108341 0.001788 0.011968 0.060434 0.054914 
1541 0.946874 0.015415 0.000323 0.034270 0.000814 0.000657 0.000021 0.000038 0.000022 0.001061 0.000079 0.000045 0.000034 0.000029 0.000259 0.000042 0.000006 0.000013 
65923 0.028522 0.917279 0.014951 0.011182 0.000176 0.015565 0.000055 0.000350 0.001061 0.008316 0.000092 0.000071 0.000059 0.000054 0.002149 0.000076 0.000014 0.000028 
223 0.739288 0.128803 0.036669 0.051073 0.011288 0.004137 0.002877 0.003586 0.001437 0.002459 0.005207 0.002893 0.002390 0.002034 0.001526 0.002772 0.000695 0.000857 
30711 0.782596 0.007211 0.000519 0.207747 0.000166 0.000415 0.000040 0.000052 0.000038 0.000546 0.000094 0.000079 0.000055 0.000056 0.000289 0.000068 0.000007 0.000022 
834 0.020668 0.003694 0.002088 0.001096 0.122619 0.003979 0.130365 0.107553 0.006170 0.003569 0.113018 0.094199 0.076257 0.091041 0.025308 0.094462 0.052548 0.051363 
466 0.710004 0.277707 0.001295 0.006529 0.000484 0.001109 0.000060 0.000115 0.000034 0.001635 0.000213 0.000163 0.000109 0.000100 0.000284 0.000121 0.000012 0.000026 
877 0.011396 0.116787 0.637577 0.010799 0.005221 0.056957 0.002750 0.015540 0.077637 0.007249 0.012673 0.010525 0.008643 0.001506 0.018411 0.005192 0.000440 0.000696 
5 0.183248 0.650721 0.003860 0.130657 0.000408 0.009676 0.000246 0.000432 0.007104 0.008492 0.000202 0.000242 0.000112 0.000105 0.002940 0.000274 0.000736 0.000545 
1120 0.010003 0.722277 0.187369 0.005850 0.000126 0.041970 0.000084 0.000539 0.013710 0.012650 0.000058 0.000051 0.000054 0.000043 0.005088 0.000074 0.000022 0.000032 
4975 0.077674 0.007935 0.002153 0.001796 0.855606 0.001901 0.010395 0.000509 0.000213 0.003464 0.000685 0.000332 0.000286 0.010055 0.000473 0.001437 0.015521 0.009564 
