2830 0.025952 0.004186 0.002326 0.001434 0.000802 0.001564 0.000942 0.240005 0.025282 0.002209 0.180826 0.184077 0.175032 0.000684 0.056220 0.097011 0.000794 0.000651 
907 0.848666 0.126627 0.001536 0.002744 0.010774 0.000777 0.000093 0.000169 0.000057 0.006184 0.000399 0.000208 0.000149 0.000152 0.001173 0.000234 0.000015 0.000045 
115287 0.985613 0.006278 0.000093 0.006532 0.000140 0.000338 0.000008 0.000013 0.000010 0.000640 0.000025 0.000014 0.000011 0.000011 0.000253 0.000012 0.000002 0.000005 
18190 0.092466 0.011125 0.017412 0.876106 0.000266 0.000593 0.000081 0.000099 0.000158 0.000696 0.000154 0.000136 0.000111 0.000099 0.000323 0.000116 0.000019 0.000040 
16191 0.006649 0.009507 0.863102 0.002893 0.000243 0.067566 0.000169 0.001641 0.035279 0.003498 0.000122 0.000117 0.000156 0.000090 0.008660 0.000177 0.000052 0.000078 
5409 0.020897 0.004256 0.002344 0.001146 0.441255 0.003476 0.282195 0.000791 0.000485 0.001884 0.002522 0.000374 0.000274 0.108770 0.001796 0.012013 0.060433 0.055091 
84092 0.946962 0.015340 0.000320 0.034264 0.000810 0.000654 0.000021 0.000037 0.000022 0.001066 0.000079 0.000044 0.000034 0.000029 0.000258 0.000042 0.000006 0.000012 
37848 0.028594 0.917220 0.014924 0.011209 0.000176 0.015573 0.000055 0.000350 0.001064 0.008287 0.000092 0.000071 0.000060 0.000054 0.002151 0.000076 0.000014 0.000029 
268 0.738688 0.128962 0.036606 0.051209 0.011136 0.004150 0.003037 0.003627 0.001435 0.002465 0.005243 0.002895 0.002432 0.002153 0.001531 0.002764 0.000766 0.000890 
13405 0.782182 0.007244 0.000522 0.208120 0.000167 0.000416 0.000040 0.000052 0.000038 0.000544 0.000094 0.000080 0.000056 0.000056 0.000291 0.000068 0.000007 0.000022 
463 0.020685 0.003696 0.002088 0.001097 0.122661 0.003984 0.130412 0.107526 0.006172 0.003561 0.112985 0.094230 0.076267 0.091048 0.025312 0.094361 0.052546 0.051367 
1635 0.710009 0.277716 0.001294 0.006519 0.000483 0.001108 0.000059 0.000114 0.000034 0.001637 0.000212 0.000163 0.000109 0.000099 0.000284 0.000121 0.000012 0.000026 
685 0.011400 0.116792 0.637623 0.010800 0.005221 0.056937 0.002747 0.015533 0.077610 0.007248 0.012676 0.010527 0.008646 0.001506 0.018402 0.005193 0.000439 0.000696 
20 0.183063 0.650722 0.004107 0.130515 0.000407 0.009718 0.000245 0.000431 0.007100 0.008539 0.000202 0.000242 0.000112 0.000105 0.002938 0.000274 0.000735 0.000545 
344 0.010043 0.721701 0.187168 0.005847 0.000896 0.041938 0.000091 0.000539 0.013704 0.012644 0.000059 0.000051 0.000054 0.000045 0.005084 0.000074 0.000026 0.000037 
163 0.735259 0.122276 0.047750 0.040540 0.011651 0.006919 0.005893 0.004063 0.003259 0.003236 0.003195 0.003059 0.002825 0.002669 0.002304 0.002116 0.001567 0.001420 
