18420 0.025736 0.004141 0.002302 0.001422 0.000794 0.001550 0.000933 0.240641 0.025320 0.002213 0.180595 0.183995 0.175284 0.000676 0.056306 0.096649 0.000793 0.000650 
2945 0.848798 0.126518 0.001534 0.002741 0.010764 0.000776 0.000093 0.000169 0.000057 0.006173 0.000400 0.000207 0.000149 0.000152 0.001175 0.000234 0.000015 0.000044 
424511 0.985654 0.006256 0.000093 0.006521 0.000139 0.000335 0.000008 0.000014 0.000010 0.000636 0.000025 0.000014 0.000011 0.000010 0.000253 0.000012 0.000002 0.000005 
63940 0.091438 0.010947 0.017179 0.877589 0.000263 0.000580 0.000080 0.000099 0.000163 0.000681 0.000152 0.000134 0.000109 0.000097 0.000318 0.000113 0.000018 0.000039 
52884 0.006577 0.009448 0.863436 0.002870 0.000241 0.066940 0.000173 0.001657 0.035749 0.003462 0.000120 0.000116 0.000154 0.000089 0.008664 0.000176 0.000051 0.000077 
11782 0.020789 0.004238 0.002335 0.001141 0.438575 0.003451 0.283683 0.000788 0.000482 0.001866 0.002509 0.000371 0.000272 0.109155 0.001788 0.012012 0.061144 0.055400 
213459 0.947265 0.015217 0.000317 0.034129 0.000802 0.000645 0.000020 0.000037 0.000021 0.001046 0.000078 0.000044 0.000034 0.000028 0.000256 0.000042 0.000006 0.000012 
112022 0.028428 0.917673 0.014944 0.011141 0.000176 0.015426 0.000056 0.000348 0.001055 0.008215 0.000091 0.000070 0.000059 0.000054 0.002144 0.000076 0.000014 0.000028 
324 0.738926 0.129073 0.036896 0.051096 0.010960 0.004117 0.002896 0.003578 0.001447 0.002458 0.005244 0.002903 0.002408 0.002050 0.001555 0.002792 0.000710 0.000880 
19078 0.782178 0.007228 0.000521 0.208148 0.000167 0.000414 0.000040 0.000052 0.000038 0.000541 0.000094 0.000080 0.000056 0.000056 0.000290 0.000068 0.000007 0.000022 
1614 0.020645 0.003691 0.002084 0.001094 0.122422 0.003974 0.130269 0.107412 0.006172 0.003553 0.112878 0.094085 0.076164 0.091045 0.025317 0.094875 0.052722 0.051597 
3221 0.710028 0.277711 0.001291 0.006513 0.000483 0.001105 0.000060 0.000116 0.000034 0.001632 0.000212 0.000163 0.000109 0.000099 0.000284 0.000121 0.000012 0.000026 
1555 0.011390 0.116720 0.637326 0.010798 0.005218 0.056901 0.002751 0.015545 0.078036 0.007243 0.012664 0.010521 0.008640 0.001505 0.018417 0.005190 0.000438 0.000696 
37 0.183254 0.650716 0.003861 0.130652 0.000408 0.009678 0.000245 0.000432 0.007104 0.008490 0.000203 0.000242 0.000112 0.000105 0.002940 0.000275 0.000736 0.000546 
5446 0.009994 0.722214 0.187533 0.005845 0.000125 0.041923 0.000084 0.000539 0.013693 0.012636 0.000058 0.000051 0.000054 0.000043 0.005081 0.000073 0.000022 0.000032 
13294 0.076879 0.007843 0.002093 0.001766 0.857798 0.001845 0.010206 0.000492 0.000206 0.003404 0.000668 0.000323 0.000278 0.009809 0.000468 0.001404 0.015155 0.009360 
