9426 0.025834 0.004164 0.002316 0.001432 0.000799 0.001560 0.000939 0.239752 0.025266 0.002216 0.180897 0.184069 0.175211 0.000682 0.056295 0.097121 0.000794 0.000654 
4081 0.848870 0.126463 0.001534 0.002741 0.010752 0.000776 0.000094 0.000169 0.000057 0.006175 0.000399 0.000207 0.000149 0.000152 0.001171 0.000233 0.000015 0.000045 
155938 0.985615 0.006273 0.000093 0.006531 0.000139 0.000338 0.000008 0.000013 0.000010 0.000643 0.000025 0.000014 0.000011 0.000011 0.000254 0.000012 0.000002 0.000005 
28243 0.092001 0.011083 0.017393 0.876634 0.000266 0.000595 0.000081 0.000099 0.000161 0.000693 0.000154 0.000135 0.000110 0.000099 0.000323 0.000115 0.000019 0.000040 
20362 0.006642 0.009496 0.863044 0.002894 0.000243 0.067475 0.000168 0.001624 0.035441 0.003498 0.000122 0.000117 0.000156 0.000090 0.008683 0.000177 0.000052 0.000078 
6920 0.020833 0.004243 0.002328 0.001144 0.439748 0.003469 0.282941 0.000788 0.000484 0.001878 0.002517 0.000374 0.000273 0.109133 0.001793 0.012002 0.060833 0.055217 
36571 0.946942 0.015374 0.000322 0.034245 0.000811 0.000656 0.000021 0.000038 0.000022 0.001064 0.000079 0.000045 0.000034 0.000029 0.000259 0.000042 0.000006 0.000013 
38246 0.028551 0.917211 0.014925 0.011209 0.000176 0.015588 0.000055 0.000349 0.001064 0.008317 0.000092 0.000071 0.000060 0.000055 0.002158 0.000076 0.000014 0.000029 
56 0.739241 0.129010 0.036745 0.051184 0.010952 0.004128 0.002882 0.003544 0.001442 0.002439 0.005208 0.002903 0.002402 0.002052 0.001521 0.002762 0.000709 0.000865 
1085 0.782081 0.007272 0.000525 0.208183 0.000168 0.000418 0.000040 0.000052 0.000038 0.000544 0.000095 0.000080 0.000056 0.000056 0.000292 0.000068 0.000007 0.000023 
1031 0.020653 0.003692 0.002088 0.001098 0.122544 0.003980 0.130401 0.107502 0.006173 0.003574 0.112981 0.094157 0.076215 0.091068 0.025322 0.094506 0.052572 0.051471 
246 0.709994 0.277712 0.001296 0.006528 0.000485 0.001110 0.000060 0.000115 0.000034 0.001635 0.000213 0.000163 0.000110 0.000100 0.000284 0.000121 0.000012 0.000026 
516 0.011396 0.116818 0.637667 0.010804 0.005223 0.056960 0.002744 0.015524 0.077518 0.007252 0.012678 0.010529 0.008648 0.001508 0.018395 0.005199 0.000439 0.000697 
4 0.183244 0.650721 0.003861 0.130657 0.000408 0.009676 0.000246 0.000432 0.007104 0.008491 0.000202 0.000243 0.000113 0.000105 0.002940 0.000275 0.000736 0.000545 
2416 0.009998 0.722243 0.187408 0.005848 0.000125 0.041969 0.000084 0.000539 0.013706 0.012657 0.000058 0.000051 0.000054 0.000043 0.005087 0.000074 0.000022 0.000032 
4153 0.077164 0.007889 0.002132 0.001786 0.856546 0.001885 0.010337 0.000502 0.000210 0.003486 0.000678 0.000330 0.000284 0.009975 0.000469 0.001425 0.015404 0.009495 
