8995 0.025861 0.004171 0.002317 0.001433 0.000799 0.001565 0.000940 0.240107 0.025303 0.002257 0.180789 0.184006 0.175064 0.000681 0.056332 0.096925 0.000796 0.000652 
1950 0.848673 0.126593 0.001536 0.002744 0.010768 0.000778 0.000094 0.000169 0.000057 0.006215 0.000400 0.000208 0.000149 0.000152 0.001173 0.000233 0.000015 0.000044 
254787 0.985621 0.006268 0.000093 0.006531 0.000139 0.000338 0.000008 0.000014 0.000010 0.000644 0.000025 0.000014 0.000011 0.000010 0.000253 0.000012 0.000002 0.000005 
43288 0.091841 0.011035 0.017300 0.876945 0.000264 0.000594 0.000080 0.000099 0.000160 0.000693 0.000153 0.000135 0.000110 0.000098 0.000321 0.000115 0.000018 0.000039 
35298 0.006609 0.009470 0.862816 0.002887 0.000242 0.067685 0.000166 0.001648 0.035506 0.003494 0.000121 0.000117 0.000155 0.000090 0.008688 0.000177 0.000052 0.000077 
11884 0.020854 0.004257 0.002329 0.001145 0.439923 0.003464 0.283001 0.000790 0.000484 0.001879 0.002517 0.000373 0.000273 0.108873 0.001798 0.012010 0.060825 0.055205 
133252 0.947064 0.015295 0.000319 0.034212 0.000805 0.000653 0.000021 0.000037 0.000022 0.001070 0.000079 0.000044 0.000034 0.000028 0.000257 0.000042 0.000006 0.000012 
74601 0.028504 0.917296 0.014909 0.011181 0.000175 0.015556 0.000055 0.000350 0.001060 0.008370 0.000092 0.000071 0.000059 0.000054 0.002148 0.000076 0.000014 0.000028 
358 0.738862 0.129154 0.036787 0.051136 0.010990 0.004159 0.002918 0.003621 0.001439 0.002475 0.005238 0.002897 0.002390 0.002042 0.001541 0.002766 0.000703 0.000872 
15642 0.782167 0.007236 0.000522 0.208144 0.000167 0.000417 0.000040 0.000052 0.000038 0.000544 0.000094 0.000080 0.000056 0.000056 0.000290 0.000068 0.000007 0.000022 
1060 0.020651 0.003692 0.002086 0.001096 0.122495 0.003985 0.130335 0.107457 0.006173 0.003564 0.112941 0.094112 0.076167 0.091143 0.025298 0.094540 0.052690 0.051572 
2137 0.710047 0.277687 0.001292 0.006516 0.000483 0.001107 0.000060 0.000114 0.000034 0.001635 0.000212 0.000163 0.000109 0.000099 0.000284 0.000121 0.000012 0.000026 
1146 0.011393 0.116772 0.637532 0.010798 0.005219 0.056954 0.002747 0.015557 0.077676 0.007254 0.012673 0.010524 0.008645 0.001505 0.018422 0.005192 0.000440 0.000696 
93 0.182462 0.650783 0.004950 0.130097 0.000406 0.009782 0.000244 0.000431 0.007088 0.008607 0.000201 0.000241 0.000112 0.000104 0.002941 0.000273 0.000732 0.000543 
2952 0.010055 0.720802 0.186933 0.005841 0.002092 0.041886 0.000094 0.000538 0.013687 0.012639 0.000058 0.000051 0.000054 0.000046 0.005078 0.000074 0.000033 0.000038 
101 0.734456 0.122330 0.047862 0.041063 0.011627 0.006930 0.005905 0.004083 0.003284 0.003262 0.003201 0.003064 0.002835 0.002663 0.002311 0.002119 0.001581 0.001423 
