3693 0.025956 0.004185 0.002324 0.001433 0.000802 0.001564 0.000942 0.240123 0.025297 0.002210 0.180751 0.184070 0.175031 0.000683 0.056221 0.096960 0.000796 0.000652 
4701 0.848772 0.126558 0.001532 0.002738 0.010755 0.000777 0.000093 0.000169 0.000056 0.006180 0.000399 0.000207 0.000149 0.000151 0.001171 0.000233 0.000015 0.000044 
190738 0.985629 0.006270 0.000093 0.006525 0.000141 0.000337 0.000008 0.000013 0.000010 0.000640 0.000025 0.000014 0.000011 0.000011 0.000253 0.000012 0.000002 0.000005 
20145 0.092434 0.011123 0.017400 0.876155 0.000266 0.000593 0.000081 0.000099 0.000157 0.000696 0.000154 0.000136 0.000110 0.000099 0.000324 0.000116 0.000019 0.000040 
18593 0.006649 0.009501 0.863048 0.002894 0.000243 0.067610 0.000169 0.001645 0.035281 0.003503 0.000122 0.000117 0.000156 0.000090 0.008666 0.000177 0.000052 0.000078 
2900 0.020904 0.004257 0.002344 0.001145 0.440936 0.003472 0.282393 0.000791 0.000485 0.001881 0.002522 0.000374 0.000274 0.108805 0.001795 0.012018 0.060499 0.055105 
128590 0.947019 0.015297 0.000319 0.034257 0.000806 0.000652 0.000021 0.000037 0.000022 0.001069 0.000079 0.000044 0.000034 0.000028 0.000257 0.000042 0.000006 0.000012 
45104 0.028585 0.917247 0.014906 0.011211 0.000176 0.015575 0.000055 0.000350 0.001063 0.008285 0.000092 0.000071 0.000059 0.000054 0.002150 0.000076 0.000014 0.000029 
123 0.739443 0.128955 0.036675 0.051126 0.010944 0.004117 0.002888 0.003622 0.001438 0.002436 0.005187 0.002897 0.002390 0.002045 0.001518 0.002757 0.000696 0.000856 
13570 0.782166 0.007244 0.000522 0.208137 0.000167 0.000417 0.000040 0.000052 0.000038 0.000544 0.000094 0.000080 0.000056 0.000056 0.000291 0.000068 0.000007 0.000022 
817 0.020686 0.003690 0.002086 0.001094 0.122596 0.003985 0.130415 0.107496 0.006171 0.003563 0.113018 0.094175 0.076230 0.091026 0.025303 0.094466 0.052587 0.051411 
840 0.710002 0.277721 0.001292 0.006522 0.000483 0.001108 0.000059 0.000114 0.000033 0.001636 0.000212 0.000163 0.000109 0.000099 0.000284 0.000121 0.000012 0.000026 
1003 0.011401 0.116783 0.637581 0.010794 0.005220 0.056964 0.002763 0.015580 0.077580 0.007253 0.012673 0.010524 0.008644 0.001506 0.018407 0.005192 0.000439 0.000696 
50 0.183257 0.650716 0.003859 0.130659 0.000407 0.009675 0.000245 0.000432 0.007103 0.008490 0.000202 0.000242 0.000112 0.000105 0.002940 0.000274 0.000736 0.000545 
1162 0.010007 0.722296 0.187353 0.005850 0.000125 0.041966 0.000084 0.000539 0.013710 0.012651 0.000058 0.000051 0.000054 0.000043 0.005087 0.000074 0.000022 0.000032 
3246 0.077372 0.007913 0.002135 0.001782 0.856254 0.001889 0.010344 0.000502 0.000212 0.003464 0.000681 0.000330 0.000284 0.009991 0.000470 0.001427 0.015439 0.009511 
