1344653 0.0259453901201173 0.00418105452868868 0.00232606383679457 0.00143102333114054 0.000802298284594399 0.00156310679357001 0.000942946476827022 0.239885412786267 0.0252801662258126 0.00220773550077097 0.180829588697773 0.184109167812104 0.175031375647789 0.000683764636250719 0.0562609108784007 0.0970747243832239 0.000792920030728784 0.000652349924795683
2001686 0.848678380844862 0.126641426012095 0.00153327198679059 0.00274107937588829 0.0107694543868898 0.000776303525588077 9.26183440524782e-05 0.000168032943065947 5.58849894626605e-05 0.00616897432321641 0.00039926566966324 0.000207254943855435 0.000149026969825252 0.000151297947422056 0.00117468968638114 0.000233861887693608 1.43135058988408e-05 4.48625573470717e-05
57370200 0.985602040793884 0.00628661001605837 9.33307337390748e-05 0.00653405343739686 0.000139767444124306 0.000337780313400757 8.46606799164082e-06 1.3445806391097e-05 1.04037651692951e-05 0.000639442693135639 2.50564164270693e-05 1.43864741949916e-05 1.14046248195914e-05 1.05176163743858e-05 0.000253997319000311 1.22771035181288e-05 2.33183085285153e-06 4.6874435214421e-06
2377207 0.0926584671739762 0.0111909144406284 0.0175145904789803 0.875733709594779 0.000267372147113747 0.000595021357504328 8.10481427464013e-05 9.92330425398276e-05 0.000156839040422582 0.00069766826123674 0.000155311849596601 0.000136720704463809 0.000111010040849687 9.95099285103915e-05 0.0003267672637897 0.000116698361541776 1.84805619263539e-05 4.06375093922587e-05
2969530 0.00665940053597395 0.00952991050051991 0.863378494211794 0.00290107486063055 0.000243814547028787 0.067350591271497 0.000166982835768989 0.00162079119111302 0.0351812934338214 0.00350087179329505 0.00012175114410942 0.000117541867156227 0.00015669245889089 9.05837339433729e-05 0.00867215394257252 0.000177860818912227 5.16957092966274e-05 7.84950434303159e-05
1387476 0.0208897316839002 0.00424615413201591 0.00233218631335494 0.00114226279089875 0.441731255733526 0.00346684212833908 0.282039691157709 0.000791100419603673 0.00048436611018418 0.00187884382529617 0.00252500881200833 0.000373674347376716 0.000273370233012141 0.108682967732764 0.00179707295346693 0.0120249314806908 0.060300406681786 0.0550201333640494
11857169 0.946878626419845 0.0154145055544021 0.000322188510670453 0.0342669268141429 0.000813596752570848 0.000656572527525348 2.06508760917897e-05 3.74930387039639e-05 2.16569163095306e-05 0.00106062583165276 7.93317836748106e-05 4.45648456563558e-05 3.41147567272086e-05 2.87136572854142e-05 0.000259703465892065 4.24082930478372e-05 5.71625420783028e-06 1.26036015932618e-05
7713292 0.0286585650071271 0.917171562399907 0.01491170526321 0.0112416335874068 0.000176319173574453 0.0155870221618596 5.50834384106148e-05 0.000350034936941992 0.00106916687154411 0.00822109764904647 9.21475751899804e-05 7.11166245661787e-05 5.96980937908301e-05 5.46149474376626e-05 0.00216067947546043 7.67985354513645e-05 1.39684263292162e-05 2.87857327392438e-05
104568 0.739445679951918 0.12900476343019 0.0366912134063217 0.0511581704441781 0.0109369846439445 0.0041128402348154 0.00286455301828207 0.00353465855279539 0.00143178419012964 0.00243028693106148 0.0051990763450861 0.00290273789429257 0.00239440531247031 0.00204174326907925 0.00152174988449216 0.0027640343381815 0.00069718603446176 0.000868132018252485
2867166 0.782077713161193 0.00727006475266269 0.000522457281874737 0.208194322780887 0.000167342579833088 0.000417021839100752 3.95543776050705e-05 5.17273665483761e-05 3.75071825980383e-05 0.000544597204579615 9.45367201579833e-05 7.98658734499901e-05 5.56423241360924e-05 5.60879856876943e-05 0.000293109746433599 6.8395607902785e-05 7.10344675165839e-06 2.2949668596784e-05
524639 0.0205723640009622 0.00367381789987722 0.00207886070536054 0.00108031343352751 0.122801781705507 0.00398260160899871 0.130517259820743 0.107614395917045 0.00617580587902086 0.00356094081566595 0.113008256328742 0.0943240529754324 0.0763418660978037 0.0909493841905044 0.025331532079255 0.0942351584471955 0.0524275377194999 0.0513240702736504
927299 0.710010803433927 0.277719499518632 0.0012884988583551 0.00652025735078175 0.000482229206777696 0.00110858385323984 5.8115094641045e-05 0.000113346838499204 3.21851613330426e-05 0.00163813084843967 0.000211920244731542 0.000162519436320605 0.000108706499815431 9.90511894085177e-05 0.000286176010047346 0.000121903603588892 1.09302579330097e-05 2.71424935273083e-05
1080070 0.0113405434508191 0.116847100550236 0.63785041411672 0.0107978582002632 0.00522309036524445 0.0569500278892142 0.00273884846415789 0.0155235899262169 0.0773849329050531 0.00725107320457619 0.0126823350339063 0.0105339383533365 0.00865102533855583 0.00150616706476225 0.018387701972935 0.00519724604997871 0.000436946098665098 0.000697160914877249
854575 0.183191369056313 0.650786731660875 0.00385294071258802 0.130659277032616 0.000405013098389503 0.00967589791170523 0.000243536984733797 0.00043026001471457 0.00710480174193553 0.00849303968029202 0.00020072531380224 0.000240923542685843 0.000110785502244033 0.000103638392096725 0.00294391720986439 0.000273590878348742 0.000736702945121022 0.000546848221658618
3026438 0.00998373977583437 0.72232678732917 0.187330218500314 0.00584856948096124 0.000124463155848213 0.0419732005867445 8.33038277552907e-05 0.000538309525351711 0.0137161840223575 0.0126532189280228 5.78138406558305e-05 5.05201649638749e-05 5.40026564516814e-05 4.25351006581428e-05 0.00509016981976735 7.34527672194665e-05 2.14912408297971e-05 3.20191770266147e-05
485137 0.0775071928285794 0.00789978376805352 0.00213513066649168 0.00177683078881865 0.855856999747878 0.00189342944845651 0.0103898284189614 0.000502792113122142 0.00020854843341843 0.00346336279109963 0.000681242087500902 0.000329615254652628 0.000283264397688693 0.0100599689048368 0.00047078670841245 0.00143552542909267 0.0155327075752606 0.00957299053766679
