5825 0.025906 0.004174 0.002320 0.001432 0.000800 0.001562 0.000941 0.239946 0.025284 0.002206 0.180823 0.184123 0.175127 0.000682 0.056252 0.096975 0.000796 0.000650 
3272 0.848756 0.126562 0.001534 0.002740 0.010759 0.000776 0.000093 0.000168 0.000056 0.006183 0.000399 0.000207 0.000149 0.000151 0.001171 0.000233 0.000015 0.000044 
191329 0.985632 0.006270 0.000093 0.006523 0.000140 0.000337 0.000008 0.000013 0.000010 0.000639 0.000025 0.000014 0.000011 0.000011 0.000253 0.000012 0.000002 0.000005 
22516 0.092327 0.011109 0.017391 0.876283 0.000266 0.000596 0.000081 0.000099 0.000157 0.000694 0.000154 0.000136 0.000110 0.000099 0.000323 0.000115 0.000019 0.000040 
19309 0.006647 0.009495 0.863033 0.002891 0.000243 0.067581 0.000168 0.001630 0.035350 0.003495 0.000122 0.000117 0.000156 0.000090 0.008673 0.000177 0.000052 0.000078 
4473 0.020879 0.004248 0.002334 0.001144 0.440676 0.003469 0.282448 0.000791 0.000487 0.001878 0.002521 0.000373 0.000273 0.108881 0.001795 0.012015 0.060639 0.055147 
103574 0.947014 0.015316 0.000320 0.034237 0.000810 0.000655 0.000021 0.000037 0.000022 0.001067 0.000079 0.000044 0.000034 0.000029 0.000257 0.000042 0.000006 0.000012 
41084 0.028571 0.917257 0.014911 0.011208 0.000176 0.015571 0.000056 0.000349 0.001064 0.008289 0.000092 0.000071 0.000060 0.000054 0.002152 0.000076 0.000014 0.000029 
117 0.739196 0.129025 0.036686 0.051153 0.010968 0.004129 0.002901 0.003617 0.001439 0.002441 0.005207 0.002898 0.002395 0.002056 0.001529 0.002767 0.000714 0.000868 
13518 0.782255 0.007244 0.000522 0.208045 0.000167 0.000418 0.000040 0.000052 0.000038 0.000545 0.000094 0.000080 0.000056 0.000056 0.000291 0.000068 0.000007 0.000022 
619 0.020688 0.003691 0.002086 0.001094 0.122642 0.003983 0.130404 0.107532 0.006177 0.003564 0.112966 0.094214 0.076254 0.091057 0.025316 0.094389 0.052542 0.051399 
122 0.710008 0.277706 0.001294 0.006527 0.000484 0.001109 0.000060 0.000115 0.000034 0.001635 0.000213 0.000163 0.000109 0.000100 0.000284 0.000121 0.000012 0.000026 
467 0.011404 0.116805 0.637679 0.010801 0.005223 0.056947 0.002743 0.015530 0.077520 0.007257 0.012679 0.010529 0.008647 0.001506 0.018400 0.005194 0.000438 0.000696 
683 0.010007 0.722288 0.187349 0.005850 0.000125 0.041971 0.000084 0.000539 0.013714 0.012652 0.000058 0.000051 0.000054 0.000043 0.005088 0.000074 0.000022 0.000032 
3974 0.077317 0.007878 0.002128 0.001782 0.856396 0.001887 0.010334 0.000502 0.000210 0.003468 0.000680 0.000329 0.000283 0.009979 0.000471 0.001428 0.015428 0.009498 
