4422 0.025924 0.004180 0.002324 0.001434 0.000802 0.001561 0.000941 0.239921 0.025279 0.002207 0.180844 0.184039 0.175139 0.000683 0.056246 0.097027 0.000794 0.000653 
712 0.848690 0.126614 0.001536 0.002747 0.010775 0.000777 0.000093 0.000169 0.000057 0.006167 0.000400 0.000208 0.000150 0.000152 0.001173 0.000234 0.000015 0.000044 
131283 0.985607 0.006277 0.000093 0.006538 0.000140 0.000338 0.000008 0.000013 0.000010 0.000642 0.000025 0.000014 0.000011 0.000011 0.000253 0.000012 0.000002 0.000005 
18730 0.092349 0.011122 0.017411 0.876220 0.000267 0.000597 0.000081 0.000099 0.000158 0.000696 0.000154 0.000136 0.000111 0.000099 0.000324 0.000116 0.000019 0.000040 
13836 0.006653 0.009512 0.863115 0.002898 0.000244 0.067514 0.000169 0.001628 0.035299 0.003499 0.000122 0.000117 0.000156 0.000091 0.008675 0.000178 0.000052 0.000078 
3599 0.020885 0.004254 0.002333 0.001147 0.440726 0.003470 0.282465 0.000791 0.000485 0.001878 0.002521 0.000374 0.000274 0.108924 0.001796 0.012006 0.060557 0.055115 
558 0.946875 0.015415 0.000323 0.034268 0.000814 0.000657 0.000021 0.000038 0.000022 0.001061 0.000079 0.000045 0.000034 0.000029 0.000259 0.000042 0.000006 0.000013 
29353 0.028599 0.917176 0.014914 0.011217 0.000176 0.015600 0.000056 0.000350 0.001065 0.008294 0.000092 0.000071 0.000060 0.000055 0.002155 0.000077 0.000014 0.000029 
628 0.737900 0.129939 0.037284 0.051042 0.010913 0.004209 0.002866 0.003579 0.001461 0.002485 0.005182 0.002885 0.002390 0.002034 0.001512 0.002754 0.000704 0.000851 
17500 0.782423 0.007233 0.000521 0.207885 0.000168 0.000418 0.000040 0.000052 0.000038 0.000549 0.000094 0.000080 0.000056 0.000056 0.000290 0.000068 0.000007 0.000022 
775 0.020665 0.003694 0.002088 0.001098 0.122605 0.003988 0.130404 0.107513 0.006177 0.003571 0.112950 0.094182 0.076229 0.091074 0.025313 0.094445 0.052570 0.051432 
2350 0.710134 0.277581 0.001297 0.006519 0.000484 0.001109 0.000060 0.000115 0.000034 0.001641 0.000212 0.000163 0.000109 0.000099 0.000284 0.000121 0.000012 0.000026 
650 0.011395 0.116796 0.637638 0.010801 0.005223 0.056942 0.002746 0.015521 0.077609 0.007251 0.012678 0.010527 0.008646 0.001506 0.018391 0.005194 0.000440 0.000697 
3 0.183246 0.650724 0.003860 0.130654 0.000409 0.009676 0.000245 0.000432 0.007104 0.008491 0.000202 0.000242 0.000112 0.000105 0.002940 0.000274 0.000736 0.000545 
1192 0.010002 0.722289 0.187352 0.005850 0.000126 0.041970 0.000084 0.000539 0.013711 0.012657 0.000058 0.000051 0.000054 0.000043 0.005087 0.000074 0.000022 0.000032 
5492 0.077358 0.007874 0.002125 0.001805 0.856502 0.001884 0.010296 0.000500 0.000209 0.003457 0.000680 0.000328 0.000283 0.009951 0.000468 0.001423 0.015379 0.009477 
