6701 0.025891 0.004176 0.002321 0.001434 0.000800 0.001563 0.000941 0.240075 0.025307 0.002210 0.180815 0.184039 0.175102 0.000684 0.056235 0.096955 0.000798 0.000652 
6614 0.848908 0.126432 0.001531 0.002740 0.010740 0.000776 0.000093 0.000168 0.000056 0.006187 0.000398 0.000207 0.000149 0.000151 0.001170 0.000233 0.000015 0.000044 
285032 0.985610 0.006265 0.000093 0.006546 0.000139 0.000338 0.000008 0.000014 0.000010 0.000644 0.000025 0.000014 0.000011 0.000010 0.000253 0.000012 0.000002 0.000005 
33059 0.092167 0.011067 0.017329 0.876557 0.000265 0.000595 0.000081 0.000098 0.000157 0.000693 0.000153 0.000135 0.000110 0.000098 0.000321 0.000115 0.000018 0.000040 
29746 0.006626 0.009473 0.862899 0.002886 0.000242 0.067714 0.000167 0.001643 0.035396 0.003493 0.000122 0.000117 0.000156 0.000090 0.008669 0.000178 0.000052 0.000077 
6641 0.020853 0.004247 0.002328 0.001144 0.439828 0.003465 0.282887 0.000789 0.000485 0.001875 0.002516 0.000373 0.000273 0.109050 0.001797 0.012002 0.060832 0.055253 
3754 0.946872 0.015412 0.000323 0.034275 0.000814 0.000657 0.000021 0.000038 0.000022 0.001061 0.000079 0.000045 0.000034 0.000029 0.000259 0.000042 0.000006 0.000013 
63421 0.028518 0.917276 0.014910 0.011188 0.000175 0.015583 0.000055 0.000349 0.001061 0.008342 0.000092 0.000071 0.000059 0.000054 0.002148 0.000076 0.000014 0.000028 
760 0.737984 0.129258 0.037735 0.050959 0.010942 0.004256 0.002864 0.003622 0.001492 0.002483 0.005215 0.002886 0.002384 0.002039 0.001533 0.002764 0.000707 0.000866 
43577 0.782938 0.007182 0.000517 0.207439 0.000166 0.000414 0.000039 0.000051 0.000037 0.000548 0.000093 0.000079 0.000055 0.000055 0.000288 0.000067 0.000007 0.000022 
1140 0.020670 0.003693 0.002088 0.001096 0.122525 0.003984 0.130349 0.107483 0.006176 0.003568 0.112968 0.094142 0.076201 0.091072 0.025289 0.094598 0.052622 0.051475 
1954 0.709885 0.277818 0.001298 0.006524 0.000483 0.001113 0.000060 0.000114 0.000034 0.001643 0.000212 0.000163 0.000109 0.000099 0.000284 0.000121 0.000012 0.000026 
1112 0.011395 0.116755 0.637523 0.010803 0.005219 0.056940 0.002745 0.015549 0.077727 0.007246 0.012673 0.010525 0.008642 0.001506 0.018422 0.005191 0.000441 0.000696 
4 0.183249 0.650725 0.003860 0.130652 0.000407 0.009676 0.000245 0.000432 0.007104 0.008492 0.000202 0.000242 0.000112 0.000105 0.002940 0.000274 0.000736 0.000545 
1786 0.010002 0.722284 0.187371 0.005850 0.000125 0.041962 0.000084 0.000539 0.013709 0.012654 0.000058 0.000051 0.000054 0.000043 0.005086 0.000074 0.000022 0.000032 
5081 0.077143 0.007880 0.002127 0.001780 0.856689 0.001896 0.010298 0.000501 0.000209 0.003464 0.000676 0.000329 0.000283 0.009954 0.000468 0.001424 0.015400 0.009477 
