12037 0.025801 0.004154 0.002309 0.001429 0.000798 0.001555 0.000936 0.239430 0.025207 0.002220 0.180826 0.184100 0.175420 0.000679 0.056574 0.097122 0.000789 0.000648 
987 0.848699 0.126595 0.001535 0.002744 0.010766 0.000777 0.000093 0.000169 0.000057 0.006186 0.000401 0.000208 0.000150 0.000152 0.001175 0.000234 0.000015 0.000044 
121887 0.985621 0.006276 0.000093 0.006524 0.000140 0.000337 0.000008 0.000013 0.000010 0.000642 0.000025 0.000014 0.000011 0.000011 0.000254 0.000012 0.000002 0.000005 
17176 0.092145 0.011132 0.017454 0.876359 0.000267 0.000594 0.000081 0.000099 0.000166 0.000698 0.000155 0.000137 0.000111 0.000099 0.000328 0.000116 0.000019 0.000040 
9676 0.006665 0.009516 0.863198 0.002902 0.000244 0.067351 0.000168 0.001622 0.035342 0.003501 0.000122 0.000118 0.000157 0.000091 0.008695 0.000178 0.000052 0.000078 
4577 0.020877 0.004248 0.002329 0.001145 0.440502 0.003461 0.282416 0.000791 0.000484 0.001876 0.002520 0.000374 0.000274 0.109023 0.001795 0.012020 0.060684 0.055180 
32224 0.946976 0.015379 0.000322 0.034204 0.000812 0.000656 0.000021 0.000038 0.000022 0.001064 0.000079 0.000045 0.000034 0.000029 0.000259 0.000042 0.000006 0.000013 
21885 0.028613 0.917130 0.014918 0.011227 0.000177 0.015596 0.000056 0.000350 0.001067 0.008304 0.000092 0.000071 0.000060 0.000055 0.002165 0.000077 0.000014 0.000029 
389 0.738866 0.129040 0.036767 0.051014 0.010938 0.004119 0.002865 0.003692 0.001447 0.002458 0.005327 0.002960 0.002474 0.002063 0.001566 0.002831 0.000699 0.000865 
35 0.782072 0.007273 0.000524 0.208191 0.000168 0.000417 0.000040 0.000052 0.000038 0.000544 0.000095 0.000080 0.000056 0.000056 0.000292 0.000068 0.000007 0.000023 
746 0.020675 0.003697 0.002085 0.001095 0.122623 0.003983 0.130420 0.107516 0.006169 0.003569 0.113029 0.094183 0.076237 0.091055 0.025329 0.094403 0.052531 0.051402 
955 0.709966 0.277741 0.001295 0.006522 0.000486 0.001110 0.000060 0.000115 0.000034 0.001638 0.000213 0.000164 0.000110 0.000100 0.000285 0.000122 0.000012 0.000026 
587 0.011399 0.116796 0.637627 0.010807 0.005223 0.056923 0.002739 0.015519 0.077624 0.007250 0.012677 0.010529 0.008647 0.001507 0.018404 0.005196 0.000437 0.000696 
23 0.183247 0.650717 0.003858 0.130655 0.000409 0.009675 0.000246 0.000433 0.007106 0.008491 0.000203 0.000243 0.000113 0.000105 0.002941 0.000275 0.000736 0.000545 
978 0.010004 0.722286 0.187350 0.005850 0.000125 0.041970 0.000084 0.000539 0.013715 0.012654 0.000058 0.000051 0.000055 0.000043 0.005089 0.000074 0.000022 0.000032 
4811 0.077217 0.007900 0.002124 0.001783 0.856536 0.001881 0.010329 0.000503 0.000211 0.003463 0.000678 0.000330 0.000285 0.009959 0.000475 0.001424 0.015402 0.009499 
