5544 0.025907 0.004174 0.002323 0.001432 0.000801 0.001560 0.000941 0.239960 0.025292 0.002213 0.180822 0.184044 0.175096 0.000683 0.056263 0.097038 0.000797 0.000652 
3483 0.848757 0.126565 0.001533 0.002741 0.010757 0.000776 0.000093 0.000169 0.000056 0.006181 0.000399 0.000207 0.000149 0.000151 0.001171 0.000233 0.000015 0.000044 
179299 0.985631 0.006271 0.000093 0.006520 0.000140 0.000338 0.000008 0.000014 0.000010 0.000642 0.000025 0.000014 0.000011 0.000011 0.000253 0.000012 0.000002 0.000005 
24112 0.092288 0.011105 0.017386 0.876336 0.000266 0.000595 0.000081 0.000099 0.000158 0.000692 0.000154 0.000136 0.000110 0.000099 0.000323 0.000115 0.000019 0.000040 
20149 0.006645 0.009497 0.863017 0.002893 0.000243 0.067575 0.000169 0.001638 0.035358 0.003495 0.000122 0.000117 0.000156 0.000090 0.008676 0.000178 0.000052 0.000078 
4507 0.020876 0.004248 0.002334 0.001144 0.440666 0.003469 0.282481 0.000791 0.000485 0.001883 0.002519 0.000373 0.000273 0.108845 0.001797 0.012007 0.060652 0.055153 
103003 0.947019 0.015321 0.000320 0.034222 0.000809 0.000654 0.000021 0.000037 0.000022 0.001073 0.000079 0.000044 0.000034 0.000029 0.000257 0.000042 0.000006 0.000012 
40578 0.028567 0.917213 0.014920 0.011208 0.000176 0.015586 0.000055 0.000349 0.001064 0.008312 0.000092 0.000071 0.000060 0.000054 0.002155 0.000076 0.000014 0.000029 
393 0.739085 0.128766 0.036699 0.051193 0.011203 0.004162 0.002870 0.003603 0.001444 0.002536 0.005239 0.002892 0.002385 0.002041 0.001518 0.002753 0.000706 0.000897 
15604 0.782258 0.007239 0.000521 0.208049 0.000167 0.000417 0.000040 0.000052 0.000038 0.000544 0.000094 0.000080 0.000056 0.000056 0.000291 0.000068 0.000007 0.000022 
785 0.020684 0.003693 0.002086 0.001096 0.122618 0.003986 0.130381 0.107522 0.006176 0.003576 0.112980 0.094189 0.076227 0.091040 0.025321 0.094423 0.052594 0.051408 
177 0.709988 0.277718 0.001294 0.006528 0.000484 0.001111 0.000060 0.000115 0.000034 0.001638 0.000214 0.000163 0.000109 0.000100 0.000285 0.000121 0.000012 0.000026 
481 0.011404 0.116804 0.637669 0.010801 0.005223 0.056956 0.002744 0.015527 0.077533 0.007249 0.012677 0.010529 0.008647 0.001506 0.018402 0.005194 0.000438 0.000696 
3 0.183256 0.650722 0.003859 0.130651 0.000407 0.009676 0.000245 0.000432 0.007104 0.008491 0.000202 0.000242 0.000112 0.000105 0.002940 0.000274 0.000736 0.000545 
1240 0.010004 0.722280 0.187364 0.005849 0.000125 0.041969 0.000084 0.000539 0.013711 0.012655 0.000058 0.000051 0.000054 0.000043 0.005087 0.000074 0.000022 0.000032 
3286 0.077334 0.007897 0.002134 0.001795 0.856203 0.001897 0.010346 0.000502 0.000215 0.003485 0.000679 0.000331 0.000284 0.010003 0.000472 0.001428 0.015455 0.009538 
