9210 0.025839 0.004166 0.002316 0.001429 0.000799 0.001562 0.000938 0.240038 0.025338 0.002205 0.180772 0.184093 0.175147 0.000681 0.056266 0.096968 0.000792 0.000648 
7491 0.848937 0.126411 0.001531 0.002738 0.010748 0.000775 0.000093 0.000169 0.000056 0.006174 0.000398 0.000207 0.000149 0.000151 0.001170 0.000233 0.000015 0.000044 
291474 0.985613 0.006265 0.000093 0.006545 0.000140 0.000337 0.000008 0.000013 0.000010 0.000642 0.000025 0.000014 0.000011 0.000010 0.000253 0.000012 0.000002 0.000005 
33617 0.092137 0.011063 0.017321 0.876599 0.000265 0.000593 0.000081 0.000099 0.000159 0.000692 0.000154 0.000135 0.000110 0.000098 0.000321 0.000115 0.000018 0.000040 
31102 0.006620 0.009478 0.862966 0.002883 0.000243 0.067619 0.000171 0.001642 0.035415 0.003489 0.000122 0.000117 0.000156 0.000090 0.008685 0.000177 0.000052 0.000078 
7516 0.020843 0.004251 0.002331 0.001144 0.440080 0.003471 0.282946 0.000789 0.000486 0.001882 0.002516 0.000373 0.000273 0.108853 0.001794 0.012000 0.060763 0.055205 
2713 0.946871 0.015414 0.000323 0.034274 0.000814 0.000657 0.000021 0.000038 0.000022 0.001060 0.000079 0.000045 0.000034 0.000029 0.000259 0.000042 0.000006 0.000013 
63470 0.028508 0.917315 0.014928 0.011187 0.000176 0.015558 0.000056 0.000348 0.001061 0.008319 0.000092 0.000071 0.000059 0.000054 0.002149 0.000076 0.000014 0.000029 
96 0.739380 0.128970 0.036717 0.051164 0.010952 0.004125 0.002887 0.003566 0.001440 0.002433 0.005196 0.002900 0.002392 0.002038 0.001519 0.002747 0.000700 0.000866 
33862 0.782744 0.007205 0.000519 0.207606 0.000167 0.000414 0.000040 0.000052 0.000038 0.000547 0.000094 0.000079 0.000055 0.000056 0.000289 0.000067 0.000007 0.000022 
1138 0.020652 0.003691 0.002087 0.001095 0.122518 0.003982 0.130271 0.107451 0.006177 0.003556 0.112930 0.094145 0.076193 0.091066 0.025306 0.094653 0.052658 0.051565 
415 0.710002 0.277708 0.001295 0.006529 0.000485 0.001109 0.000060 0.000115 0.000034 0.001635 0.000213 0.000163 0.000109 0.000100 0.000284 0.000121 0.000012 0.000026 
624 0.011397 0.116800 0.637620 0.010800 0.005222 0.056946 0.002747 0.015542 0.077586 0.007255 0.012676 0.010529 0.008647 0.001506 0.018398 0.005193 0.000438 0.000696 
5 0.183248 0.650725 0.003860 0.130652 0.000408 0.009676 0.000245 0.000432 0.007104 0.008491 0.000202 0.000242 0.000112 0.000105 0.002940 0.000274 0.000736 0.000545 
1680 0.010001 0.722278 0.187369 0.005849 0.000125 0.041971 0.000084 0.000539 0.013708 0.012653 0.000058 0.000051 0.000054 0.000043 0.005087 0.000074 0.000022 0.000032 
8215 0.076839 0.007862 0.002117 0.001798 0.857220 0.001879 0.010319 0.000498 0.000208 0.003456 0.000673 0.000327 0.000281 0.009908 0.000469 0.001414 0.015296 0.009435 
