3674 0.025927 0.004180 0.002326 0.001435 0.000803 0.001566 0.000943 0.239906 0.025297 0.002214 0.180854 0.183999 0.175085 0.000685 0.056285 0.097051 0.000794 0.000651 
1190 0.848694 0.126578 0.001536 0.002745 0.010786 0.000778 0.000093 0.000169 0.000057 0.006190 0.000400 0.000208 0.000149 0.000152 0.001174 0.000234 0.000015 0.000044 
64280 0.985612 0.006281 0.000093 0.006529 0.000140 0.000338 0.000008 0.000013 0.000010 0.000640 0.000025 0.000014 0.000011 0.000011 0.000254 0.000012 0.000002 0.000005 
15774 0.092376 0.011132 0.017436 0.876158 0.000268 0.000596 0.000081 0.000099 0.000159 0.000696 0.000155 0.000136 0.000111 0.000099 0.000324 0.000116 0.000019 0.000040 
11034 0.006662 0.009516 0.863169 0.002900 0.000244 0.067450 0.000169 0.001626 0.035297 0.003498 0.000122 0.000118 0.000157 0.000091 0.008676 0.000178 0.000052 0.000078 
3010 0.020918 0.004253 0.002335 0.001149 0.440955 0.003464 0.282449 0.000791 0.000484 0.001879 0.002525 0.000374 0.000274 0.108795 0.001796 0.012014 0.060474 0.055071 
31458 0.946955 0.015381 0.000322 0.034223 0.000812 0.000656 0.000021 0.000038 0.000022 0.001064 0.000079 0.000045 0.000034 0.000029 0.000259 0.000042 0.000006 0.000012 
18627 0.028617 0.917178 0.014914 0.011228 0.000177 0.015591 0.000055 0.000350 0.001067 0.008269 0.000092 0.000071 0.000060 0.000055 0.002157 0.000077 0.000014 0.000029 
94 0.739329 0.128964 0.036754 0.051160 0.010965 0.004126 0.002911 0.003539 0.001442 0.002444 0.005201 0.002900 0.002393 0.002039 0.001520 0.002745 0.000700 0.000859 
1221 0.782075 0.007271 0.000525 0.208190 0.000169 0.000417 0.000040 0.000052 0.000038 0.000545 0.000095 0.000080 0.000056 0.000056 0.000292 0.000068 0.000007 0.000023 
267 0.020679 0.003697 0.002091 0.001101 0.122729 0.003987 0.130458 0.107575 0.006176 0.003563 0.112992 0.094263 0.076297 0.090980 0.025329 0.094282 0.052464 0.051335 
334 0.710019 0.277686 0.001296 0.006529 0.000486 0.001110 0.000060 0.000115 0.000034 0.001635 0.000213 0.000163 0.000110 0.000100 0.000284 0.000121 0.000012 0.000026 
391 0.011395 0.116811 0.637695 0.010807 0.005224 0.056947 0.002746 0.015528 0.077502 0.007253 0.012678 0.010530 0.008649 0.001507 0.018394 0.005195 0.000440 0.000697 
12 0.183244 0.650723 0.003861 0.130655 0.000410 0.009676 0.000246 0.000432 0.007104 0.008491 0.000202 0.000242 0.000112 0.000105 0.002940 0.000274 0.000736 0.000545 
965 0.010002 0.722288 0.187338 0.005851 0.000126 0.041976 0.000084 0.000539 0.013712 0.012661 0.000058 0.000051 0.000054 0.000043 0.005089 0.000074 0.000022 0.000032 
5353 0.078563 0.007854 0.002128 0.001787 0.855309 0.001885 0.010324 0.000500 0.000209 0.003468 0.000677 0.000329 0.000283 0.009949 0.000469 0.001421 0.015361 0.009481 
