7627 0.025916 0.004183 0.002317 0.001427 0.000800 0.001566 0.000941 0.240501 0.025245 0.002215 0.180848 0.183697 0.175110 0.000681 0.056312 0.096798 0.000791 0.000651 
3870 0.848797 0.126465 0.001532 0.002738 0.010781 0.000778 0.000094 0.000169 0.000056 0.006214 0.000400 0.000208 0.000149 0.000151 0.001175 0.000233 0.000015 0.000044 
389337 0.985650 0.006259 0.000093 0.006510 0.000139 0.000337 0.000008 0.000013 0.000010 0.000647 0.000025 0.000014 0.000011 0.000010 0.000252 0.000012 0.000002 0.000005 
7367 0.092623 0.011171 0.017482 0.875820 0.000268 0.000596 0.000081 0.000101 0.000158 0.000697 0.000155 0.000136 0.000111 0.000099 0.000325 0.000116 0.000019 0.000040 
12892 0.006660 0.009523 0.863050 0.002893 0.000243 0.067534 0.000168 0.001641 0.035306 0.003512 0.000122 0.000117 0.000156 0.000091 0.008676 0.000177 0.000052 0.000078 
3508 0.020899 0.004258 0.002342 0.001142 0.440897 0.003469 0.282424 0.000790 0.000484 0.001885 0.002523 0.000374 0.000274 0.108810 0.001795 0.012010 0.060540 0.055085 
53563 0.946926 0.015376 0.000321 0.034260 0.000811 0.000656 0.000021 0.000037 0.000022 0.001065 0.000079 0.000044 0.000034 0.000029 0.000258 0.000042 0.000006 0.000012 
48661 0.028600 0.917137 0.014919 0.011196 0.000177 0.015593 0.000056 0.000352 0.001063 0.008361 0.000092 0.000071 0.000060 0.000054 0.002150 0.000076 0.000014 0.000028 
133 0.739531 0.128905 0.036641 0.051073 0.010968 0.004115 0.002869 0.003642 0.001438 0.002433 0.005219 0.002897 0.002390 0.002043 0.001524 0.002750 0.000698 0.000854 
17200 0.782447 0.007239 0.000521 0.207860 0.000167 0.000417 0.000040 0.000052 0.000038 0.000547 0.000094 0.000080 0.000056 0.000056 0.000290 0.000068 0.000007 0.000022 
1229 0.020680 0.003695 0.002080 0.001084 0.122525 0.003996 0.130337 0.107556 0.006170 0.003593 0.113174 0.094109 0.076175 0.091056 0.025317 0.094361 0.052628 0.051464 
15178 0.709709 0.278034 0.001276 0.006473 0.000481 0.001111 0.000058 0.000115 0.000033 0.001696 0.000209 0.000160 0.000108 0.000098 0.000281 0.000119 0.000011 0.000026 
2656 0.011389 0.116731 0.637273 0.010782 0.005212 0.057017 0.002765 0.015660 0.077845 0.007257 0.012657 0.010508 0.008634 0.001503 0.018450 0.005184 0.000437 0.000695 
437 0.183251 0.650706 0.003855 0.130674 0.000407 0.009672 0.000245 0.000432 0.007101 0.008502 0.000202 0.000242 0.000112 0.000105 0.002939 0.000274 0.000735 0.000545 
7487 0.009992 0.722181 0.187471 0.005837 0.000125 0.041980 0.000084 0.000543 0.013690 0.012682 0.000058 0.000051 0.000054 0.000043 0.005082 0.000074 0.000022 0.000032 
6580 0.077750 0.007959 0.002118 0.001763 0.856079 0.001885 0.010305 0.000501 0.000209 0.003490 0.000683 0.000327 0.000282 0.009927 0.000466 0.001423 0.015373 0.009456 
