1822 0.025980 0.004186 0.002326 0.001434 0.000803 0.001566 0.000944 0.239956 0.025284 0.002213 0.180812 0.184047 0.175017 0.000684 0.056262 0.097042 0.000794 0.000651 
3893 0.848865 0.126423 0.001532 0.002740 0.010767 0.000775 0.000093 0.000169 0.000056 0.006206 0.000399 0.000207 0.000149 0.000151 0.001173 0.000233 0.000015 0.000044 
99449 0.985617 0.006278 0.000093 0.006527 0.000140 0.000338 0.000008 0.000013 0.000010 0.000641 0.000025 0.000014 0.000011 0.000011 0.000254 0.000012 0.000002 0.000005 
7618 0.092547 0.011168 0.017485 0.875897 0.000270 0.000595 0.000081 0.000099 0.000158 0.000698 0.000155 0.000136 0.000111 0.000099 0.000325 0.000116 0.000019 0.000040 
6239 0.006674 0.009524 0.863236 0.002900 0.000244 0.067422 0.000169 0.001630 0.035233 0.003500 0.000122 0.000118 0.000157 0.000091 0.008673 0.000178 0.000052 0.000078 
1269 0.020931 0.004257 0.002340 0.001146 0.441373 0.003468 0.282155 0.000793 0.000485 0.001880 0.002524 0.000374 0.000274 0.108726 0.001796 0.012019 0.060410 0.055050 
42271 0.946930 0.015377 0.000321 0.034255 0.000812 0.000656 0.000021 0.000038 0.000022 0.001064 0.000079 0.000044 0.000034 0.000029 0.000259 0.000042 0.000006 0.000012 
14996 0.028642 0.917170 0.014913 0.011233 0.000177 0.015580 0.000056 0.000350 0.001067 0.008258 0.000092 0.000071 0.000060 0.000055 0.002157 0.000077 0.000014 0.000029 
136 0.739171 0.128967 0.036702 0.051245 0.011067 0.004123 0.002945 0.003560 0.001438 0.002434 0.005191 0.002897 0.002389 0.002042 0.001518 0.002742 0.000704 0.000856 
5189 0.782139 0.007263 0.000523 0.208140 0.000168 0.000417 0.000040 0.000052 0.000038 0.000544 0.000095 0.000080 0.000056 0.000056 0.000292 0.000068 0.000007 0.000022 
218 0.020713 0.003690 0.002085 0.001092 0.122735 0.003988 0.130473 0.107589 0.006176 0.003566 0.113009 0.094267 0.076304 0.090923 0.025325 0.094283 0.052461 0.051320 
1042 0.710045 0.277677 0.001291 0.006523 0.000484 0.001109 0.000059 0.000114 0.000033 0.001637 0.000212 0.000163 0.000109 0.000099 0.000284 0.000121 0.000012 0.000026 
250 0.011412 0.116827 0.637735 0.010805 0.005224 0.056946 0.002743 0.015531 0.077441 0.007251 0.012680 0.010531 0.008648 0.001507 0.018389 0.005195 0.000438 0.000696 
13 0.183261 0.650719 0.003857 0.130649 0.000408 0.009675 0.000245 0.000432 0.007104 0.008491 0.000202 0.000242 0.000112 0.000105 0.002940 0.000274 0.000739 0.000545 
741 0.010008 0.722280 0.187343 0.005849 0.000125 0.041968 0.000084 0.000539 0.013712 0.012669 0.000058 0.000051 0.000054 0.000043 0.005090 0.000074 0.000022 0.000032 
2479 0.077776 0.007923 0.002133 0.001813 0.855739 0.001889 0.010345 0.000507 0.000210 0.003482 0.000681 0.000330 0.000284 0.010008 0.000470 0.001436 0.015449 0.009524 
