11941 0.025821 0.004163 0.002313 0.001432 0.000797 0.001559 0.000938 0.240235 0.025309 0.002212 0.180774 0.184142 0.175157 0.000679 0.056212 0.096812 0.000796 0.000648 
1231 0.848706 0.126593 0.001535 0.002745 0.010773 0.000778 0.000093 0.000169 0.000057 0.006178 0.000399 0.000208 0.000149 0.000152 0.001172 0.000233 0.000015 0.000044 
496093 0.985620 0.006250 0.000093 0.006548 0.000139 0.000337 0.000008 0.000014 0.000010 0.000649 0.000025 0.000014 0.000011 0.000010 0.000252 0.000012 0.000002 0.000005 
61959 0.091878 0.010968 0.017160 0.877124 0.000262 0.000597 0.000080 0.000098 0.000158 0.000695 0.000152 0.000134 0.000109 0.000097 0.000319 0.000113 0.000018 0.000039 
52822 0.006577 0.009434 0.862505 0.002871 0.000240 0.068070 0.000169 0.001656 0.035544 0.003490 0.000122 0.000116 0.000154 0.000089 0.008658 0.000175 0.000051 0.000077 
9625 0.020822 0.004248 0.002326 0.001141 0.439072 0.003470 0.283249 0.000788 0.000484 0.001881 0.002512 0.000372 0.000272 0.109073 0.001792 0.011998 0.061139 0.055358 
9045 0.946869 0.015409 0.000323 0.034281 0.000813 0.000657 0.000021 0.000038 0.000022 0.001061 0.000079 0.000045 0.000034 0.000029 0.000259 0.000042 0.000006 0.000013 
113301 0.028439 0.917337 0.014921 0.011150 0.000175 0.015556 0.000056 0.000349 0.001054 0.008433 0.000091 0.000070 0.000059 0.000054 0.002138 0.000076 0.000014 0.000028 
414 0.738950 0.128978 0.036843 0.051117 0.010958 0.004181 0.002926 0.003674 0.001444 0.002483 0.005214 0.002896 0.002406 0.002051 0.001522 0.002765 0.000719 0.000867 
98967 0.784698 0.007044 0.000506 0.205841 0.000162 0.000415 0.000039 0.000051 0.000037 0.000555 0.000091 0.000077 0.000054 0.000054 0.000282 0.000066 0.000007 0.000022 
1626 0.020651 0.003692 0.002084 0.001095 0.122413 0.003986 0.130360 0.107417 0.006171 0.003570 0.112931 0.094062 0.076127 0.091140 0.025311 0.094757 0.052664 0.051567 
11542 0.711117 0.276662 0.001281 0.006490 0.000480 0.001104 0.000059 0.000116 0.000033 0.001642 0.000210 0.000161 0.000108 0.000098 0.000281 0.000120 0.000012 0.000026 
1156 0.011395 0.116774 0.637451 0.010799 0.005220 0.056976 0.002754 0.015553 0.077720 0.007255 0.012672 0.010524 0.008645 0.001505 0.018432 0.005191 0.000438 0.000696 
64 0.183246 0.650716 0.003859 0.130668 0.000407 0.009675 0.000245 0.000432 0.007104 0.008490 0.000202 0.000242 0.000112 0.000105 0.002940 0.000274 0.000736 0.000545 
3466 0.009998 0.722260 0.187409 0.005847 0.000125 0.041965 0.000084 0.000538 0.013702 0.012652 0.000058 0.000051 0.000054 0.000043 0.005086 0.000074 0.000022 0.000032 
9660 0.076849 0.007864 0.002108 0.001774 0.857288 0.001887 0.010223 0.000502 0.000207 0.003572 0.000672 0.000326 0.000280 0.009869 0.000464 0.001416 0.015289 0.009410 
