184595 0.991160 0.003401 0.002539 0.000199 0.000084 0.000252 0.000630 0.000102 0.000038 0.000883 0.000045 0.000043 0.000038 0.000026 0.000032 0.000030 0.000032 0.000022 0.000059 0.000024 0.000019 0.000018 0.000017 0.000022 0.000033 0.000021 0.000232 
2712 0.780328 0.007424 0.026412 0.004081 0.003502 0.018528 0.090278 0.001672 0.001271 0.033403 0.001238 0.001182 0.001155 0.000923 0.000992 0.001001 0.000967 0.000800 0.002350 0.000784 0.000695 0.000680 0.000648 0.000326 0.001053 0.004837 0.013470 
169377 0.956780 0.032993 0.003084 0.000395 0.000137 0.000585 0.003185 0.000171 0.000064 0.001629 0.000069 0.000065 0.000056 0.000047 0.000053 0.000050 0.000052 0.000039 0.000120 0.000043 0.000037 0.000033 0.000036 0.000037 0.000187 0.000034 0.000021 
19131 0.007217 0.008734 0.004500 0.861590 0.028235 0.000509 0.004590 0.062463 0.000198 0.008366 0.000704 0.000147 0.000112 0.006181 0.000110 0.000104 0.000118 0.000084 0.002941 0.000095 0.001091 0.000351 0.000342 0.000081 0.000368 0.000465 0.000301 
7494 0.019435 0.008586 0.004313 0.004049 0.002679 0.922663 0.002486 0.000870 0.014351 0.003323 0.001593 0.001898 0.002613 0.001747 0.000516 0.000423 0.000410 0.000490 0.000548 0.000423 0.000318 0.001139 0.000586 0.002128 0.001680 0.000420 0.000311 
84 0.024352 0.088740 0.036025 0.043566 0.014906 0.105946 0.013054 0.028668 0.014765 0.443417 0.017993 0.012019 0.024246 0.006920 0.006463 0.006917 0.007433 0.006441 0.025889 0.007865 0.008429 0.007178 0.010430 0.013746 0.009806 0.012673 0.002109 
9085 0.008615 0.003280 0.018206 0.003690 0.789611 0.001962 0.001035 0.074220 0.000401 0.002277 0.001175 0.000287 0.000275 0.060795 0.000361 0.000192 0.000365 0.000195 0.013755 0.001192 0.008695 0.003960 0.000347 0.000162 0.000564 0.004239 0.000139 
5122 0.022289 0.005420 0.003402 0.002347 0.001208 0.012146 0.001874 0.002693 0.428574 0.001617 0.001370 0.002846 0.000571 0.000562 0.000508 0.191044 0.016902 0.138118 0.001362 0.100850 0.000373 0.000361 0.007365 0.054026 0.000687 0.000917 0.000565 
8218 0.022271 0.010532 0.010813 0.001405 0.001482 0.000899 0.938972 0.005541 0.000638 0.001941 0.000351 0.000391 0.000285 0.000459 0.000326 0.000261 0.000260 0.000274 0.000351 0.000260 0.000133 0.000145 0.000217 0.000257 0.000971 0.000433 0.000132 
5551 0.022590 0.007157 0.002901 0.001388 0.000923 0.000799 0.002218 0.000894 0.000859 0.001717 0.246558 0.158245 0.176064 0.000969 0.170402 0.000612 0.068118 0.000723 0.005030 0.000522 0.032492 0.032722 0.024783 0.000675 0.024974 0.009303 0.006363 
3117 0.022730 0.011125 0.011609 0.005167 0.002136 0.004810 0.001885 0.011505 0.000844 0.873769 0.002418 0.001068 0.011672 0.001385 0.000737 0.000673 0.001969 0.000612 0.018788 0.000797 0.000874 0.001119 0.003336 0.001086 0.002730 0.004215 0.000938 
492 0.015794 0.004190 0.003201 0.001546 0.000759 0.475133 0.001516 0.001612 0.320338 0.002061 0.000566 0.001384 0.000317 0.000361 0.000305 0.062414 0.003965 0.038444 0.000710 0.028916 0.000248 0.000253 0.002161 0.032827 0.000339 0.000522 0.000116 
25 0.011618 0.644459 0.061205 0.050153 0.024625 0.067918 0.012013 0.005601 0.003704 0.069196 0.005147 0.003476 0.003800 0.003308 0.002841 0.002804 0.003971 0.002959 0.004018 0.002653 0.002856 0.001824 0.001618 0.003028 0.002840 0.001624 0.000741 
46658 0.029041 0.888752 0.006479 0.009291 0.006748 0.001780 0.031434 0.000920 0.000448 0.016814 0.000522 0.000431 0.000410 0.000425 0.000381 0.000347 0.000396 0.000336 0.001013 0.000330 0.000332 0.000233 0.000283 0.000304 0.001807 0.000422 0.000323 
38860 0.012848 0.003774 0.919287 0.004332 0.019985 0.000380 0.010753 0.012368 0.000235 0.012824 0.000296 0.000201 0.000179 0.000181 0.000182 0.000171 0.000179 0.000149 0.000451 0.000153 0.000176 0.000095 0.000087 0.000134 0.000262 0.000277 0.000043 
1902 0.048257 0.010977 0.008113 0.004412 0.002351 0.002077 0.004803 0.010921 0.006531 0.006214 0.094961 0.171054 0.014916 0.002255 0.010656 0.003881 0.395023 0.023217 0.007357 0.011736 0.013943 0.011047 0.100360 0.009407 0.011051 0.010875 0.003597 
4481 0.791145 0.013612 0.155222 0.001433 0.005771 0.002568 0.002325 0.001399 0.001095 0.010295 0.001534 0.001182 0.001092 0.001077 0.001025 0.000931 0.000983 0.000736 0.001329 0.000717 0.000700 0.000608 0.000769 0.000356 0.001017 0.000902 0.000173 
1411 0.842858 0.148479 0.002210 0.000952 0.000254 0.000308 0.001862 0.000169 0.000120 0.001407 0.000117 0.000117 0.000103 0.000086 0.000097 0.000088 0.000093 0.000068 0.000133 0.000077 0.000065 0.000064 0.000038 0.000069 0.000072 0.000063 0.000031 
7 0.082544 0.010080 0.151731 0.018008 0.016168 0.021915 0.557863 0.009055 0.004351 0.057873 0.003390 0.003552 0.002743 0.010750 0.002996 0.002605 0.002635 0.004960 0.002686 0.002473 0.002791 0.002477 0.001426 0.002249 0.011145 0.004304 0.007230 
2725 0.017268 0.005892 0.004519 0.015323 0.613682 0.000603 0.005718 0.057147 0.000558 0.002709 0.002713 0.000377 0.000552 0.170979 0.000471 0.000334 0.000462 0.000289 0.033985 0.000313 0.031378 0.017108 0.001683 0.000274 0.002472 0.012111 0.001078 
36 0.014772 0.046698 0.562275 0.010593 0.012972 0.011229 0.078306 0.016213 0.003808 0.189054 0.005134 0.003868 0.003260 0.003279 0.003578 0.003151 0.003366 0.003059 0.003684 0.002889 0.003083 0.001807 0.001378 0.003375 0.004678 0.004382 0.000107 
101 0.562712 0.094877 0.101031 0.026207 0.007053 0.024587 0.030859 0.005881 0.005292 0.073251 0.006524 0.004744 0.003783 0.003518 0.005162 0.003497 0.004098 0.003237 0.004162 0.003322 0.003047 0.002530 0.005472 0.003381 0.008975 0.001550 0.001241 
26867 0.700346 0.290735 0.002437 0.000631 0.000316 0.000284 0.002160 0.000238 0.000135 0.001155 0.000148 0.000127 0.000121 0.000096 0.000111 0.000107 0.000110 0.000074 0.000127 0.000086 0.000063 0.000070 0.000054 0.000081 0.000056 0.000080 0.000054 
