104611 0.991138 0.003415 0.002547 0.000200 0.000085 0.000245 0.000632 0.000102 0.000038 0.000885 0.000044 0.000043 0.000038 0.000026 0.000032 0.000030 0.000032 0.000022 0.000060 0.000024 0.000019 0.000018 0.000017 0.000022 0.000033 0.000021 0.000232 
326 0.780053 0.007452 0.026509 0.004096 0.003515 0.018084 0.090605 0.001678 0.001272 0.033511 0.001243 0.001187 0.001160 0.000927 0.000996 0.001005 0.000970 0.000804 0.002358 0.000787 0.000697 0.000682 0.000651 0.000327 0.001056 0.004855 0.013518 
90664 0.956671 0.033060 0.003093 0.000396 0.000138 0.000587 0.003201 0.000172 0.000065 0.001636 0.000069 0.000065 0.000056 0.000047 0.000053 0.000050 0.000052 0.000039 0.000121 0.000043 0.000037 0.000033 0.000037 0.000037 0.000188 0.000034 0.000021 
12042 0.007230 0.008754 0.004511 0.861512 0.028292 0.000511 0.004600 0.062389 0.000199 0.008375 0.000703 0.000147 0.000112 0.006195 0.000110 0.000104 0.000119 0.000085 0.002947 0.000096 0.001093 0.000352 0.000343 0.000081 0.000369 0.000466 0.000302 
3722 0.019356 0.008619 0.004323 0.004064 0.002689 0.922589 0.002494 0.000873 0.014363 0.003333 0.001598 0.001904 0.002622 0.001753 0.000518 0.000425 0.000412 0.000490 0.000550 0.000424 0.000319 0.001143 0.000587 0.002128 0.001686 0.000422 0.000312 
31 0.024345 0.088746 0.036029 0.043565 0.014908 0.105953 0.013058 0.028660 0.014768 0.443420 0.017995 0.012021 0.024248 0.006921 0.006464 0.006918 0.007433 0.006442 0.025874 0.007869 0.008430 0.007178 0.010424 0.013742 0.009805 0.012674 0.002109 
5726 0.008636 0.003297 0.018271 0.003703 0.789752 0.001970 0.001042 0.073955 0.000401 0.002283 0.001161 0.000289 0.000276 0.060782 0.000363 0.000193 0.000367 0.000197 0.013719 0.001197 0.008704 0.003972 0.000350 0.000163 0.000566 0.004250 0.000140 
3757 0.022357 0.005437 0.003439 0.002366 0.001208 0.012164 0.001880 0.002697 0.428905 0.001621 0.001371 0.002857 0.000572 0.000563 0.000510 0.190966 0.016917 0.137844 0.001357 0.100756 0.000374 0.000362 0.007356 0.053943 0.000689 0.000923 0.000565 
6426 0.022281 0.010535 0.010812 0.001404 0.001482 0.000899 0.938957 0.005540 0.000638 0.001942 0.000351 0.000391 0.000285 0.000457 0.000326 0.000261 0.000260 0.000274 0.000351 0.000261 0.000134 0.000145 0.000217 0.000257 0.000972 0.000433 0.000132 
5714 0.022580 0.007157 0.002897 0.001387 0.000922 0.000799 0.002217 0.000892 0.000858 0.001717 0.246303 0.158257 0.176067 0.000968 0.170512 0.000612 0.068140 0.000723 0.005036 0.000521 0.032467 0.032759 0.024808 0.000675 0.025029 0.009317 0.006379 
2340 0.022747 0.011147 0.011629 0.005174 0.002139 0.004817 0.001889 0.011468 0.000845 0.873551 0.002420 0.001072 0.011689 0.001377 0.000738 0.000674 0.001972 0.000613 0.018868 0.000800 0.000876 0.001120 0.003343 0.001087 0.002741 0.004244 0.000959 
373 0.015776 0.004196 0.003207 0.001547 0.000759 0.475205 0.001517 0.001614 0.320251 0.002063 0.000566 0.001384 0.000317 0.000361 0.000306 0.062429 0.003968 0.038454 0.000710 0.028924 0.000248 0.000253 0.002155 0.032811 0.000338 0.000523 0.000116 
29 0.011615 0.644460 0.061207 0.050154 0.024625 0.067915 0.012013 0.005601 0.003705 0.069196 0.005147 0.003476 0.003800 0.003308 0.002841 0.002804 0.003971 0.002960 0.004018 0.002652 0.002856 0.001824 0.001618 0.003028 0.002840 0.001624 0.000741 
34863 0.029128 0.888544 0.006487 0.009304 0.006761 0.001784 0.031461 0.000921 0.000449 0.016848 0.000523 0.000431 0.000411 0.000426 0.000382 0.000348 0.000397 0.000337 0.001016 0.000331 0.000332 0.000233 0.000283 0.000304 0.001810 0.000423 0.000324 
25625 0.012860 0.003778 0.919198 0.004338 0.020010 0.000380 0.010754 0.012384 0.000235 0.012844 0.000295 0.000201 0.000179 0.000181 0.000182 0.000171 0.000179 0.000149 0.000452 0.000153 0.000176 0.000095 0.000087 0.000134 0.000262 0.000277 0.000043 
1763 0.048302 0.011016 0.008113 0.004424 0.002357 0.002088 0.004810 0.010927 0.006533 0.006214 0.094989 0.170993 0.014831 0.002262 0.010682 0.003902 0.394742 0.023249 0.007355 0.011709 0.013966 0.011101 0.100400 0.009383 0.011061 0.010949 0.003636 
2612 0.791155 0.013628 0.155024 0.001435 0.005805 0.002570 0.002331 0.001406 0.001097 0.010341 0.001526 0.001189 0.001099 0.001084 0.001034 0.000937 0.000989 0.000741 0.001336 0.000721 0.000702 0.000611 0.000774 0.000358 0.001024 0.000907 0.000174 
986 0.842854 0.148481 0.002211 0.000952 0.000255 0.000308 0.001862 0.000169 0.000120 0.001407 0.000117 0.000118 0.000103 0.000086 0.000097 0.000088 0.000093 0.000068 0.000133 0.000077 0.000065 0.000064 0.000038 0.000069 0.000072 0.000063 0.000031 
36 0.082538 0.010081 0.151735 0.018007 0.016168 0.021914 0.557860 0.009055 0.004352 0.057872 0.003390 0.003552 0.002743 0.010754 0.002996 0.002605 0.002635 0.004960 0.002685 0.002473 0.002792 0.002477 0.001428 0.002249 0.011144 0.004304 0.007230 
1749 0.017285 0.005912 0.004523 0.015354 0.613967 0.000604 0.005734 0.057161 0.000559 0.002714 0.002681 0.000378 0.000551 0.170732 0.000472 0.000335 0.000464 0.000289 0.034012 0.000314 0.031282 0.017055 0.001690 0.000275 0.002475 0.012104 0.001077 
5 0.014767 0.046701 0.562264 0.010594 0.012973 0.011228 0.078308 0.016214 0.003808 0.189059 0.005134 0.003869 0.003260 0.003279 0.003579 0.003151 0.003366 0.003059 0.003685 0.002889 0.003084 0.001807 0.001378 0.003375 0.004678 0.004382 0.000107 
18 0.717882 0.083984 0.075538 0.035596 0.018315 0.011802 0.011377 0.006139 0.005897 0.005681 0.003946 0.002765 0.002684 0.002654 0.002614 0.002227 0.001984 0.001595 0.001295 0.001217 0.001111 0.000869 0.000872 0.000768 0.000561 0.000514 0.000113 
