164041 0.991143 0.003418 0.002544 0.000200 0.000084 0.000245 0.000631 0.000102 0.000038 0.000884 0.000044 0.000043 0.000038 0.000026 0.000032 0.000030 0.000032 0.000022 0.000059 0.000024 0.000019 0.000018 0.000017 0.000022 0.000033 0.000021 0.000232 
331 0.780044 0.007451 0.026507 0.004097 0.003515 0.018098 0.090606 0.001678 0.001272 0.033513 0.001243 0.001187 0.001159 0.000927 0.000996 0.001005 0.000970 0.000800 0.002358 0.000787 0.000697 0.000682 0.000650 0.000327 0.001056 0.004855 0.013518 
152666 0.956710 0.033056 0.003084 0.000395 0.000137 0.000585 0.003189 0.000171 0.000064 0.001631 0.000069 0.000065 0.000056 0.000047 0.000053 0.000050 0.000052 0.000039 0.000120 0.000043 0.000037 0.000033 0.000036 0.000037 0.000187 0.000034 0.000021 
23341 0.007213 0.008725 0.004495 0.861704 0.028196 0.000508 0.004589 0.062446 0.000200 0.008347 0.000701 0.000146 0.000111 0.006173 0.000110 0.000104 0.000118 0.000084 0.002937 0.000095 0.001089 0.000351 0.000344 0.000081 0.000368 0.000464 0.000300 
5506 0.019373 0.008611 0.004327 0.004059 0.002684 0.922636 0.002490 0.000872 0.014355 0.003328 0.001595 0.001901 0.002618 0.001750 0.000517 0.000424 0.000411 0.000489 0.000549 0.000424 0.000319 0.001141 0.000589 0.002124 0.001684 0.000421 0.000311 
32 0.024349 0.088745 0.036032 0.043567 0.014908 0.105951 0.013055 0.028667 0.014767 0.443420 0.017993 0.012020 0.024248 0.006921 0.006464 0.006918 0.007432 0.006440 0.025881 0.007865 0.008430 0.007178 0.010424 0.013736 0.009805 0.012674 0.002109 
10219 0.008597 0.003280 0.018209 0.003684 0.789430 0.001959 0.001034 0.074400 0.000401 0.002280 0.001182 0.000287 0.000274 0.060759 0.000361 0.000192 0.000365 0.000195 0.013776 0.001190 0.008726 0.003960 0.000357 0.000163 0.000562 0.004237 0.000139 
5116 0.022300 0.005426 0.003398 0.002350 0.001210 0.012140 0.001873 0.002699 0.428750 0.001617 0.001367 0.002846 0.000571 0.000562 0.000508 0.190998 0.016893 0.138009 0.001359 0.100903 0.000373 0.000361 0.007366 0.053952 0.000691 0.000914 0.000563 
5559 0.022285 0.010532 0.010816 0.001404 0.001480 0.000899 0.938956 0.005539 0.000638 0.001942 0.000351 0.000391 0.000285 0.000457 0.000326 0.000261 0.000260 0.000274 0.000351 0.000261 0.000134 0.000145 0.000217 0.000258 0.000972 0.000433 0.000132 
5390 0.022596 0.007158 0.002906 0.001388 0.000924 0.000799 0.002216 0.000892 0.000859 0.001719 0.246606 0.158251 0.176028 0.000969 0.170403 0.000612 0.068115 0.000722 0.005033 0.000522 0.032495 0.032704 0.024791 0.000675 0.024953 0.009308 0.006354 
3322 0.022727 0.011131 0.011615 0.005167 0.002134 0.004806 0.001882 0.011483 0.000843 0.873879 0.002422 0.001070 0.011669 0.001374 0.000737 0.000673 0.001966 0.000612 0.018730 0.000796 0.000876 0.001118 0.003339 0.001085 0.002720 0.004204 0.000942 
574 0.015783 0.004191 0.003205 0.001549 0.000761 0.475123 0.001515 0.001614 0.320356 0.002061 0.000566 0.001383 0.000317 0.000360 0.000305 0.062406 0.003966 0.038442 0.000710 0.028914 0.000248 0.000253 0.002157 0.032837 0.000338 0.000522 0.000116 
20 0.011616 0.644462 0.061206 0.050154 0.024625 0.067916 0.012013 0.005601 0.003704 0.069197 0.005147 0.003476 0.003800 0.003308 0.002841 0.002804 0.003971 0.002959 0.004018 0.002652 0.002856 0.001824 0.001618 0.003028 0.002840 0.001624 0.000741 
44819 0.029058 0.888731 0.006483 0.009294 0.006750 0.001780 0.031418 0.000919 0.000448 0.016823 0.000522 0.000431 0.000410 0.000426 0.000382 0.000347 0.000396 0.000336 0.001013 0.000330 0.000332 0.000233 0.000283 0.000304 0.001807 0.000422 0.000323 
44209 0.012850 0.003770 0.919337 0.004328 0.019967 0.000381 0.010748 0.012356 0.000235 0.012818 0.000295 0.000201 0.000179 0.000181 0.000182 0.000171 0.000179 0.000149 0.000451 0.000153 0.000175 0.000095 0.000087 0.000134 0.000261 0.000277 0.000043 
1659 0.048343 0.011003 0.008134 0.004448 0.002359 0.002079 0.004811 0.010927 0.006536 0.006240 0.094931 0.170946 0.014886 0.002250 0.010643 0.003884 0.395291 0.023230 0.007383 0.011691 0.013941 0.011090 0.100201 0.009393 0.010947 0.010835 0.003573 
7989 0.790342 0.013586 0.156205 0.001511 0.005766 0.002539 0.002300 0.001411 0.001080 0.010243 0.001539 0.001170 0.001082 0.001067 0.001015 0.000922 0.000973 0.000730 0.001315 0.000712 0.000697 0.000602 0.000764 0.000353 0.001008 0.000893 0.000171 
1316 0.842847 0.148489 0.002210 0.000952 0.000255 0.000308 0.001862 0.000169 0.000120 0.001407 0.000117 0.000117 0.000103 0.000086 0.000097 0.000088 0.000093 0.000068 0.000133 0.000077 0.000065 0.000064 0.000038 0.000069 0.000072 0.000063 0.000031 
19 0.082541 0.010081 0.151734 0.018008 0.016168 0.021914 0.557862 0.009055 0.004351 0.057873 0.003390 0.003552 0.002743 0.010751 0.002996 0.002605 0.002635 0.004960 0.002685 0.002473 0.002791 0.002477 0.001427 0.002249 0.011144 0.004304 0.007230 
2589 0.017265 0.005899 0.004524 0.015337 0.613848 0.000602 0.005735 0.057114 0.000559 0.002713 0.002695 0.000377 0.000550 0.170910 0.000471 0.000334 0.000462 0.000288 0.033967 0.000314 0.031332 0.017075 0.001682 0.000275 0.002478 0.012117 0.001073 
10 0.014769 0.046701 0.562264 0.010594 0.012973 0.011228 0.078307 0.016214 0.003809 0.189058 0.005134 0.003868 0.003260 0.003279 0.003578 0.003151 0.003366 0.003059 0.003685 0.002889 0.003083 0.001808 0.001378 0.003375 0.004678 0.004383 0.000107 
898 0.561680 0.094480 0.101555 0.026988 0.007157 0.024557 0.030724 0.006135 0.005341 0.073073 0.006500 0.004743 0.003780 0.003527 0.005144 0.003484 0.004120 0.003254 0.004191 0.003324 0.003046 0.002535 0.005537 0.003380 0.008947 0.001555 0.001237 
48799 0.700513 0.290667 0.002416 0.000623 0.000312 0.000280 0.002136 0.000236 0.000133 0.001142 0.000146 0.000125 0.000119 0.000095 0.000109 0.000106 0.000108 0.000073 0.000126 0.000085 0.000062 0.000069 0.000053 0.000080 0.000055 0.000079 0.000053 
