354224 0.991152 0.003439 0.002533 0.000199 0.000084 0.000243 0.000627 0.000102 0.000038 0.000877 0.000044 0.000042 0.000038 0.000026 0.000032 0.000029 0.000031 0.000022 0.000059 0.000024 0.000019 0.000018 0.000017 0.000022 0.000033 0.000020 0.000230 
471 0.780074 0.007451 0.026500 0.004095 0.003514 0.018100 0.090586 0.001678 0.001271 0.033509 0.001243 0.001186 0.001159 0.000926 0.000996 0.001007 0.000970 0.000800 0.002358 0.000788 0.000697 0.000682 0.000654 0.000328 0.001056 0.004854 0.013516 
40258 0.956591 0.033114 0.003099 0.000397 0.000138 0.000588 0.003210 0.000172 0.000065 0.001642 0.000069 0.000066 0.000056 0.000047 0.000054 0.000050 0.000052 0.000039 0.000121 0.000043 0.000037 0.000033 0.000037 0.000037 0.000188 0.000034 0.000022 
26107 0.007205 0.008717 0.004488 0.861766 0.028168 0.000508 0.004587 0.062444 0.000198 0.008346 0.000707 0.000146 0.000111 0.006165 0.000110 0.000104 0.000118 0.000084 0.002939 0.000095 0.001089 0.000350 0.000342 0.000081 0.000367 0.000464 0.000300 
5974 0.019362 0.008605 0.004327 0.004058 0.002682 0.922672 0.002488 0.000871 0.014345 0.003323 0.001593 0.001900 0.002617 0.001749 0.000517 0.000424 0.000411 0.000489 0.000550 0.000424 0.000319 0.001140 0.000588 0.002130 0.001682 0.000421 0.000311 
82 0.024352 0.088740 0.036032 0.043568 0.014906 0.105945 0.013054 0.028664 0.014767 0.443418 0.017993 0.012019 0.024246 0.006920 0.006463 0.006917 0.007432 0.006440 0.025884 0.007865 0.008429 0.007178 0.010432 0.013738 0.009804 0.012681 0.002109 
11400 0.008581 0.003272 0.018179 0.003678 0.789432 0.001956 0.001033 0.074473 0.000400 0.002276 0.001200 0.000286 0.000274 0.060801 0.000360 0.000191 0.000364 0.000195 0.013741 0.001189 0.008727 0.003950 0.000347 0.000162 0.000564 0.004229 0.000139 
5852 0.022257 0.005413 0.003401 0.002348 0.001210 0.012119 0.001871 0.002686 0.428887 0.001615 0.001367 0.002842 0.000570 0.000561 0.000508 0.190933 0.016874 0.138086 0.001355 0.100898 0.000372 0.000361 0.007377 0.053918 0.000690 0.000915 0.000563 
5974 0.022284 0.010532 0.010817 0.001404 0.001481 0.000899 0.938956 0.005540 0.000638 0.001943 0.000351 0.000391 0.000285 0.000457 0.000326 0.000261 0.000260 0.000274 0.000351 0.000261 0.000134 0.000145 0.000217 0.000258 0.000972 0.000433 0.000132 
6103 0.022590 0.007157 0.002903 0.001388 0.000922 0.000798 0.002217 0.000893 0.000858 0.001719 0.246661 0.158182 0.176112 0.000968 0.170350 0.000611 0.068065 0.000722 0.005025 0.000521 0.032546 0.032713 0.024793 0.000674 0.024965 0.009300 0.006344 
3902 0.022688 0.011120 0.011603 0.005169 0.002132 0.004801 0.001880 0.011492 0.000844 0.873971 0.002423 0.001070 0.011654 0.001376 0.000736 0.000672 0.001963 0.000611 0.018726 0.000795 0.000878 0.001118 0.003334 0.001086 0.002718 0.004199 0.000940 
522 0.015779 0.004192 0.003207 0.001550 0.000760 0.475128 0.001515 0.001614 0.320351 0.002064 0.000567 0.001383 0.000317 0.000360 0.000305 0.062404 0.003967 0.038464 0.000710 0.028912 0.000248 0.000253 0.002157 0.032816 0.000338 0.000522 0.000116 
20 0.011618 0.644461 0.061206 0.050154 0.024625 0.067914 0.012012 0.005601 0.003704 0.069197 0.005147 0.003476 0.003800 0.003308 0.002841 0.002804 0.003971 0.002960 0.004018 0.002652 0.002856 0.001824 0.001618 0.003029 0.002840 0.001624 0.000741 
55021 0.029027 0.888863 0.006478 0.009282 0.006739 0.001777 0.031385 0.000919 0.000447 0.016801 0.000521 0.000430 0.000409 0.000425 0.000381 0.000347 0.000396 0.000336 0.001011 0.000330 0.000331 0.000233 0.000282 0.000303 0.001804 0.000422 0.000323 
56243 0.012843 0.003767 0.919407 0.004320 0.019956 0.000379 0.010740 0.012346 0.000234 0.012802 0.000295 0.000200 0.000179 0.000180 0.000182 0.000171 0.000178 0.000148 0.000450 0.000153 0.000175 0.000095 0.000086 0.000134 0.000261 0.000276 0.000043 
1570 0.048381 0.011006 0.008136 0.004432 0.002359 0.002080 0.004808 0.010942 0.006552 0.006229 0.095256 0.170950 0.014906 0.002256 0.010643 0.003881 0.395219 0.023245 0.007351 0.011692 0.013913 0.011020 0.099934 0.009403 0.011020 0.010807 0.003575 
9614 0.792220 0.013482 0.154860 0.001420 0.005687 0.002533 0.002289 0.001383 0.001073 0.010144 0.001509 0.001164 0.001076 0.001061 0.001009 0.000917 0.000968 0.000725 0.001311 0.000706 0.000696 0.000599 0.000755 0.000351 0.001002 0.000888 0.000170 
8908 0.842903 0.148453 0.002207 0.000950 0.000254 0.000307 0.001857 0.000169 0.000120 0.001404 0.000116 0.000117 0.000103 0.000086 0.000096 0.000088 0.000093 0.000068 0.000132 0.000077 0.000065 0.000064 0.000038 0.000069 0.000072 0.000063 0.000031 
12 0.082543 0.010081 0.151733 0.018007 0.016167 0.021913 0.557861 0.009055 0.004351 0.057873 0.003391 0.003552 0.002743 0.010751 0.002996 0.002605 0.002635 0.004960 0.002685 0.002473 0.002792 0.002477 0.001426 0.002249 0.011145 0.004304 0.007230 
3236 0.017246 0.005892 0.004517 0.015314 0.613537 0.000601 0.005720 0.057059 0.000557 0.002711 0.002701 0.000377 0.000550 0.171079 0.000471 0.000334 0.000462 0.000288 0.034053 0.000313 0.031486 0.017100 0.001674 0.000274 0.002471 0.012139 0.001075 
2 0.014771 0.046701 0.562264 0.010594 0.012973 0.011228 0.078307 0.016214 0.003808 0.189059 0.005134 0.003868 0.003260 0.003279 0.003578 0.003151 0.003366 0.003059 0.003685 0.002889 0.003083 0.001807 0.001378 0.003375 0.004678 0.004382 0.000107 
148 0.562652 0.094873 0.100983 0.026244 0.007066 0.024578 0.030848 0.005883 0.005289 0.073232 0.006548 0.004757 0.003784 0.003525 0.005161 0.003502 0.004097 0.003248 0.004167 0.003317 0.003047 0.002530 0.005506 0.003377 0.008985 0.001555 0.001241 
90740 0.702754 0.288641 0.002359 0.000612 0.000304 0.000273 0.002080 0.000228 0.000130 0.001114 0.000142 0.000122 0.000116 0.000092 0.000106 0.000103 0.000105 0.000071 0.000123 0.000082 0.000061 0.000067 0.000052 0.000078 0.000054 0.000077 0.000052 
