153638 0.991162 0.003403 0.002541 0.000199 0.000084 0.000245 0.000631 0.000102 0.000038 0.000884 0.000044 0.000043 0.000038 0.000026 0.000032 0.000030 0.000032 0.000022 0.000060 0.000024 0.000019 0.000018 0.000017 0.000022 0.000033 0.000021 0.000232 
221 0.780010 0.007451 0.026513 0.004096 0.003515 0.018086 0.090628 0.001678 0.001273 0.033523 0.001243 0.001187 0.001160 0.000927 0.000996 0.001005 0.000970 0.000800 0.002359 0.000787 0.000697 0.000682 0.000651 0.000328 0.001057 0.004856 0.013521 
116911 0.956698 0.033048 0.003091 0.000396 0.000137 0.000586 0.003195 0.000171 0.000064 0.001634 0.000069 0.000065 0.000056 0.000047 0.000053 0.000050 0.000052 0.000039 0.000120 0.000043 0.000037 0.000033 0.000037 0.000037 0.000187 0.000034 0.000021 
13682 0.007223 0.008748 0.004508 0.861499 0.028273 0.000510 0.004599 0.062455 0.000199 0.008372 0.000703 0.000147 0.000112 0.006193 0.000110 0.000104 0.000118 0.000084 0.002942 0.000095 0.001094 0.000352 0.000341 0.000081 0.000369 0.000467 0.000302 
3578 0.019356 0.008620 0.004326 0.004063 0.002688 0.922576 0.002496 0.000873 0.014371 0.003333 0.001597 0.001904 0.002623 0.001755 0.000518 0.000425 0.000412 0.000490 0.000550 0.000424 0.000319 0.001143 0.000589 0.002128 0.001686 0.000422 0.000312 
21 0.024356 0.088744 0.036027 0.043565 0.014908 0.105953 0.013055 0.028658 0.014768 0.443424 0.017997 0.012020 0.024249 0.006921 0.006464 0.006918 0.007433 0.006442 0.025878 0.007865 0.008430 0.007178 0.010423 0.013736 0.009805 0.012673 0.002109 
6280 0.008641 0.003292 0.018272 0.003700 0.789730 0.001968 0.001037 0.073992 0.000402 0.002284 0.001173 0.000289 0.000276 0.060781 0.000363 0.000193 0.000366 0.000196 0.013718 0.001196 0.008703 0.003970 0.000344 0.000163 0.000565 0.004245 0.000140 
4225 0.022322 0.005427 0.003406 0.002356 0.001206 0.012148 0.001876 0.002694 0.428703 0.001619 0.001369 0.002851 0.000572 0.000564 0.000509 0.190990 0.016913 0.138029 0.001368 0.100842 0.000373 0.000362 0.007368 0.053962 0.000690 0.000915 0.000564 
4218 0.022290 0.010534 0.010815 0.001404 0.001482 0.000899 0.938944 0.005540 0.000638 0.001942 0.000351 0.000391 0.000285 0.000457 0.000326 0.000261 0.000260 0.000274 0.000351 0.000261 0.000134 0.000145 0.000217 0.000258 0.000972 0.000434 0.000132 
4472 0.022601 0.007159 0.002902 0.001389 0.000923 0.000799 0.002219 0.000893 0.000859 0.001719 0.246435 0.158256 0.176076 0.000969 0.170417 0.000613 0.068152 0.000723 0.005035 0.000522 0.032491 0.032735 0.024801 0.000675 0.024968 0.009311 0.006359 
2569 0.022754 0.011139 0.011624 0.005169 0.002141 0.004814 0.001885 0.011481 0.000844 0.873676 0.002420 0.001070 0.011684 0.001381 0.000738 0.000674 0.001970 0.000613 0.018786 0.000797 0.000875 0.001121 0.003353 0.001094 0.002727 0.004219 0.000952 
245 0.015792 0.004190 0.003198 0.001550 0.000761 0.475230 0.001516 0.001612 0.320247 0.002062 0.000566 0.001384 0.000317 0.000361 0.000305 0.062433 0.003967 0.038443 0.000710 0.028924 0.000248 0.000253 0.002156 0.032796 0.000338 0.000523 0.000116 
3 0.011619 0.644459 0.061206 0.050154 0.024625 0.067915 0.012013 0.005601 0.003704 0.069198 0.005147 0.003476 0.003800 0.003308 0.002841 0.002804 0.003971 0.002959 0.004018 0.002652 0.002856 0.001824 0.001618 0.003028 0.002840 0.001624 0.000741 
32370 0.029102 0.888532 0.006493 0.009313 0.006764 0.001784 0.031475 0.000921 0.000449 0.016853 0.000523 0.000432 0.000411 0.000426 0.000382 0.000348 0.000397 0.000337 0.001015 0.000331 0.000332 0.000233 0.000283 0.000304 0.001811 0.000423 0.000324 
28235 0.012858 0.003777 0.919214 0.004337 0.020010 0.000381 0.010753 0.012377 0.000235 0.012842 0.000295 0.000201 0.000179 0.000181 0.000182 0.000171 0.000179 0.000149 0.000452 0.000153 0.000175 0.000095 0.000087 0.000134 0.000262 0.000277 0.000043 
1435 0.048428 0.011003 0.008142 0.004429 0.002359 0.002080 0.004813 0.010958 0.006547 0.006226 0.094964 0.170877 0.014840 0.002252 0.010635 0.003892 0.395026 0.023247 0.007369 0.011689 0.013940 0.011131 0.100202 0.009399 0.010995 0.010949 0.003602 
3899 0.791191 0.013589 0.155164 0.001430 0.005786 0.002559 0.002320 0.001401 0.001095 0.010304 0.001530 0.001186 0.001095 0.001080 0.001027 0.000936 0.000985 0.000738 0.001331 0.000719 0.000700 0.000610 0.000769 0.000357 0.001020 0.000904 0.000173 
931 0.842849 0.148487 0.002210 0.000952 0.000254 0.000308 0.001862 0.000169 0.000120 0.001407 0.000117 0.000117 0.000103 0.000086 0.000097 0.000088 0.000093 0.000068 0.000133 0.000077 0.000065 0.000064 0.000038 0.000069 0.000072 0.000063 0.000031 
27 0.082546 0.010080 0.151729 0.018007 0.016175 0.021913 0.557862 0.009055 0.004351 0.057872 0.003390 0.003552 0.002743 0.010750 0.002996 0.002605 0.002635 0.004960 0.002685 0.002473 0.002791 0.002477 0.001426 0.002249 0.011144 0.004304 0.007230 
2071 0.017288 0.005898 0.004520 0.015344 0.613976 0.000603 0.005725 0.057163 0.000559 0.002711 0.002688 0.000378 0.000551 0.170763 0.000472 0.000334 0.000463 0.000290 0.033967 0.000314 0.031254 0.017102 0.001702 0.000274 0.002477 0.012106 0.001079 
28 0.014774 0.046698 0.562267 0.010594 0.012972 0.011228 0.078306 0.016213 0.003809 0.189056 0.005136 0.003868 0.003260 0.003279 0.003578 0.003151 0.003366 0.003059 0.003684 0.002889 0.003083 0.001807 0.001378 0.003375 0.004678 0.004383 0.000107 
158 0.562688 0.094864 0.100989 0.026240 0.007060 0.024588 0.030876 0.005887 0.005286 0.073270 0.006527 0.004740 0.003781 0.003519 0.005154 0.003504 0.004105 0.003234 0.004156 0.003319 0.003051 0.002530 0.005479 0.003382 0.008973 0.001549 0.001241 
23427 0.700370 0.290693 0.002442 0.000632 0.000317 0.000285 0.002163 0.000239 0.000135 0.001156 0.000148 0.000127 0.000121 0.000096 0.000111 0.000107 0.000110 0.000074 0.000128 0.000086 0.000063 0.000070 0.000054 0.000081 0.000056 0.000080 0.000054 
