330753 0.991137 0.003451 0.002534 0.000199 0.000084 0.000243 0.000628 0.000102 0.000038 0.000878 0.000044 0.000042 0.000038 0.000026 0.000032 0.000029 0.000032 0.000022 0.000059 0.000024 0.000019 0.000018 0.000017 0.000022 0.000033 0.000020 0.000230 
570 0.780037 0.007451 0.026502 0.004096 0.003514 0.018146 0.090575 0.001678 0.001272 0.033513 0.001244 0.001186 0.001159 0.000926 0.000996 0.001006 0.000970 0.000803 0.002358 0.000787 0.000697 0.000682 0.000651 0.000327 0.001056 0.004853 0.013514 
20507 0.956602 0.033093 0.003101 0.000397 0.000138 0.000589 0.003213 0.000172 0.000065 0.001643 0.000069 0.000066 0.000056 0.000047 0.000054 0.000050 0.000052 0.000039 0.000121 0.000043 0.000037 0.000033 0.000037 0.000037 0.000188 0.000034 0.000022 
30757 0.007199 0.008707 0.004484 0.861884 0.028141 0.000508 0.004597 0.062397 0.000199 0.008328 0.000701 0.000146 0.000111 0.006156 0.000110 0.000104 0.000118 0.000084 0.002940 0.000095 0.001088 0.000349 0.000343 0.000081 0.000367 0.000463 0.000300 
6211 0.019374 0.008598 0.004329 0.004061 0.002683 0.922661 0.002487 0.000871 0.014356 0.003327 0.001595 0.001900 0.002616 0.001749 0.000517 0.000424 0.000411 0.000490 0.000549 0.000423 0.000319 0.001140 0.000585 0.002121 0.001682 0.000421 0.000311 
60 0.024347 0.088745 0.036031 0.043568 0.014908 0.105948 0.013054 0.028659 0.014767 0.443430 0.017993 0.012019 0.024247 0.006920 0.006464 0.006918 0.007432 0.006440 0.025877 0.007867 0.008431 0.007178 0.010426 0.013740 0.009806 0.012673 0.002109 
14575 0.008546 0.003260 0.018143 0.003664 0.789604 0.001949 0.001030 0.074538 0.000399 0.002269 0.001175 0.000286 0.000273 0.060693 0.000359 0.000191 0.000363 0.000195 0.013828 0.001184 0.008686 0.003936 0.000348 0.000161 0.000559 0.004222 0.000138 
7004 0.022259 0.005413 0.003396 0.002347 0.001207 0.012108 0.001868 0.002686 0.429093 0.001616 0.001365 0.002842 0.000569 0.000561 0.000507 0.190929 0.016854 0.137945 0.001359 0.100927 0.000372 0.000360 0.007343 0.053916 0.000684 0.000912 0.000560 
7024 0.022280 0.010531 0.010820 0.001405 0.001481 0.000899 0.938961 0.005537 0.000638 0.001941 0.000351 0.000391 0.000285 0.000458 0.000326 0.000261 0.000260 0.000274 0.000351 0.000261 0.000134 0.000146 0.000217 0.000257 0.000972 0.000433 0.000132 
9302 0.022543 0.007142 0.002896 0.001385 0.000920 0.000797 0.002212 0.000889 0.000857 0.001714 0.246410 0.158165 0.176239 0.000968 0.170541 0.000611 0.068029 0.000721 0.005023 0.000521 0.032586 0.032699 0.024783 0.000673 0.025020 0.009297 0.006358 
3559 0.022692 0.011125 0.011605 0.005165 0.002137 0.004806 0.001885 0.011491 0.000842 0.873868 0.002411 0.001071 0.011662 0.001375 0.000738 0.000673 0.001964 0.000612 0.018805 0.000797 0.000873 0.001117 0.003338 0.001086 0.002720 0.004204 0.000937 
513 0.015771 0.004192 0.003206 0.001553 0.000760 0.475114 0.001515 0.001613 0.320366 0.002062 0.000566 0.001384 0.000317 0.000361 0.000305 0.062408 0.003965 0.038463 0.000710 0.028921 0.000248 0.000253 0.002161 0.032810 0.000338 0.000522 0.000116 
53 0.011616 0.644458 0.061205 0.050154 0.024625 0.067920 0.012013 0.005601 0.003704 0.069196 0.005147 0.003476 0.003800 0.003308 0.002841 0.002803 0.003971 0.002959 0.004018 0.002652 0.002856 0.001824 0.001618 0.003029 0.002840 0.001624 0.000741 
64979 0.029195 0.888849 0.006458 0.009264 0.006728 0.001774 0.031341 0.000916 0.000446 0.016759 0.000521 0.000429 0.000408 0.000424 0.000380 0.000346 0.000395 0.000335 0.001009 0.000329 0.000331 0.000232 0.000282 0.000303 0.001801 0.000421 0.000322 
55397 0.012830 0.003766 0.919429 0.004322 0.019959 0.000380 0.010741 0.012339 0.000234 0.012795 0.000295 0.000200 0.000179 0.000180 0.000182 0.000171 0.000178 0.000148 0.000450 0.000153 0.000175 0.000095 0.000086 0.000134 0.000261 0.000276 0.000043 
2289 0.048242 0.010957 0.008106 0.004415 0.002351 0.002096 0.004791 0.010886 0.006516 0.006214 0.095093 0.170888 0.014836 0.002261 0.010733 0.003890 0.395218 0.023196 0.007359 0.011674 0.013894 0.011025 0.100548 0.009357 0.011057 0.010824 0.003570 
6858 0.791902 0.013529 0.154824 0.001421 0.005737 0.002540 0.002310 0.001389 0.001086 0.010210 0.001517 0.001175 0.001086 0.001076 0.001021 0.000927 0.000976 0.000732 0.001322 0.000712 0.000700 0.000604 0.000769 0.000354 0.001011 0.000896 0.000172 
50922 0.842508 0.148950 0.002182 0.000938 0.000251 0.000303 0.001835 0.000167 0.000118 0.001390 0.000115 0.000116 0.000101 0.000085 0.000095 0.000086 0.000092 0.000067 0.000131 0.000076 0.000064 0.000063 0.000037 0.000068 0.000071 0.000062 0.000031 
21 0.082541 0.010081 0.151734 0.018008 0.016168 0.021913 0.557862 0.009055 0.004351 0.057873 0.003390 0.003553 0.002743 0.010751 0.002996 0.002605 0.002635 0.004960 0.002686 0.002473 0.002791 0.002478 0.001426 0.002249 0.011144 0.004304 0.007231 
3565 0.017238 0.005892 0.004516 0.015312 0.613500 0.000601 0.005706 0.057037 0.000558 0.002705 0.002688 0.000377 0.000550 0.171119 0.000471 0.000334 0.000464 0.000288 0.034058 0.000313 0.031418 0.017226 0.001668 0.000274 0.002468 0.012144 0.001076 
2 0.014771 0.046703 0.562260 0.010595 0.012973 0.011228 0.078307 0.016214 0.003808 0.189057 0.005134 0.003869 0.003260 0.003279 0.003579 0.003151 0.003366 0.003060 0.003685 0.002889 0.003084 0.001807 0.001378 0.003375 0.004678 0.004382 0.000107 
31 0.562720 0.094916 0.101007 0.026219 0.007060 0.024591 0.030864 0.005880 0.005287 0.073247 0.006498 0.004741 0.003785 0.003519 0.005158 0.003500 0.004100 0.003234 0.004159 0.003317 0.003049 0.002531 0.005460 0.003382 0.008977 0.001550 0.001242 
24 0.717153 0.084370 0.075753 0.035806 0.018397 0.011761 0.011296 0.006157 0.005890 0.005666 0.003943 0.002753 0.002685 0.002660 0.002609 0.002224 0.001976 0.001595 0.001293 0.001219 0.001116 0.000865 0.000868 0.000765 0.000558 0.000510 0.000111 
