275130 0.991156 0.003421 0.002539 0.000199 0.000084 0.000245 0.000628 0.000102 0.000038 0.000880 0.000044 0.000042 0.000038 0.000026 0.000032 0.000030 0.000032 0.000022 0.000059 0.000024 0.000019 0.000018 0.000017 0.000022 0.000033 0.000021 0.000231 
788 0.780157 0.007449 0.026498 0.004095 0.003512 0.018104 0.090544 0.001677 0.001270 0.033490 0.001242 0.001186 0.001159 0.000926 0.000995 0.001004 0.000970 0.000802 0.002357 0.000788 0.000697 0.000682 0.000650 0.000327 0.001056 0.004852 0.013509 
258337 0.956792 0.033031 0.003070 0.000393 0.000136 0.000581 0.003169 0.000170 0.000064 0.001621 0.000069 0.000065 0.000055 0.000047 0.000053 0.000049 0.000051 0.000039 0.000119 0.000042 0.000036 0.000032 0.000036 0.000037 0.000186 0.000034 0.000021 
39358 0.007188 0.008683 0.004469 0.861907 0.028069 0.000506 0.004584 0.062562 0.000197 0.008306 0.000703 0.000146 0.000111 0.006137 0.000109 0.000103 0.000117 0.000084 0.002939 0.000095 0.001086 0.000348 0.000345 0.000080 0.000366 0.000462 0.000299 
9171 0.019314 0.008584 0.004320 0.004044 0.002675 0.922856 0.002481 0.000869 0.014321 0.003318 0.001593 0.001895 0.002609 0.001744 0.000516 0.000423 0.000410 0.000491 0.000548 0.000422 0.000318 0.001137 0.000587 0.002116 0.001677 0.000420 0.000310 
84 0.024345 0.088739 0.036030 0.043576 0.014907 0.105948 0.013054 0.028662 0.014767 0.443430 0.017993 0.012020 0.024246 0.006920 0.006463 0.006917 0.007432 0.006441 0.025883 0.007865 0.008429 0.007178 0.010430 0.013736 0.009805 0.012672 0.002109 
17204 0.008519 0.003259 0.018088 0.003653 0.789291 0.001942 0.001031 0.074887 0.000399 0.002259 0.001198 0.000285 0.000272 0.060719 0.000358 0.000190 0.000362 0.000195 0.013862 0.001180 0.008704 0.003926 0.000347 0.000163 0.000558 0.004217 0.000138 
9005 0.022164 0.005387 0.003390 0.002343 0.001201 0.012067 0.001862 0.002683 0.428755 0.001607 0.001359 0.002830 0.000567 0.000559 0.000505 0.191013 0.016810 0.138356 0.001360 0.100903 0.000371 0.000359 0.007334 0.054054 0.000687 0.000913 0.000560 
10497 0.022267 0.010528 0.010816 0.001406 0.001482 0.000898 0.938985 0.005537 0.000637 0.001940 0.000351 0.000391 0.000285 0.000458 0.000326 0.000261 0.000260 0.000274 0.000351 0.000260 0.000134 0.000145 0.000217 0.000257 0.000971 0.000433 0.000132 
9947 0.022519 0.007135 0.002893 0.001384 0.000921 0.000796 0.002211 0.000890 0.000859 0.001715 0.246653 0.158208 0.176132 0.000969 0.170474 0.000610 0.067944 0.000721 0.005025 0.000520 0.032524 0.032730 0.024774 0.000673 0.025060 0.009295 0.006363 
5680 0.022621 0.011093 0.011566 0.005149 0.002132 0.004790 0.001883 0.011511 0.000843 0.874025 0.002413 0.001065 0.011616 0.001374 0.000734 0.000670 0.001959 0.000611 0.018877 0.000795 0.000870 0.001118 0.003351 0.001086 0.002709 0.004202 0.000938 
968 0.015792 0.004191 0.003209 0.001552 0.000762 0.474910 0.001514 0.001611 0.320608 0.002059 0.000565 0.001382 0.000317 0.000360 0.000305 0.062371 0.003962 0.038453 0.000709 0.028892 0.000247 0.000253 0.002156 0.032839 0.000337 0.000522 0.000115 
11 0.011616 0.644461 0.061207 0.050154 0.024625 0.067914 0.012013 0.005601 0.003704 0.069197 0.005147 0.003476 0.003800 0.003308 0.002841 0.002804 0.003971 0.002959 0.004018 0.002652 0.002856 0.001824 0.001618 0.003028 0.002840 0.001624 0.000741 
86936 0.028927 0.889336 0.006441 0.009235 0.006702 0.001768 0.031273 0.000914 0.000444 0.016723 0.000519 0.000428 0.000407 0.000422 0.000379 0.000345 0.000393 0.000334 0.001006 0.000328 0.000330 0.000231 0.000281 0.000301 0.001794 0.000419 0.000321 
77577 0.012830 0.003757 0.919542 0.004315 0.019935 0.000378 0.010726 0.012325 0.000233 0.012762 0.000295 0.000200 0.000178 0.000180 0.000181 0.000170 0.000178 0.000148 0.000449 0.000152 0.000174 0.000094 0.000087 0.000133 0.000260 0.000275 0.000043 
2652 0.048096 0.010964 0.008102 0.004409 0.002346 0.002066 0.004779 0.010902 0.006501 0.006218 0.094856 0.170413 0.014888 0.002276 0.010584 0.003885 0.395141 0.023122 0.007448 0.011721 0.013923 0.011072 0.101384 0.009347 0.011007 0.010952 0.003589 
9585 0.791723 0.013512 0.155250 0.001422 0.005713 0.002529 0.002287 0.001386 0.001077 0.010151 0.001538 0.001166 0.001077 0.001063 0.001011 0.000918 0.000970 0.000726 0.001310 0.000707 0.000689 0.000599 0.000762 0.000351 0.001003 0.000889 0.000171 
1111 0.842847 0.148489 0.002211 0.000952 0.000255 0.000308 0.001862 0.000169 0.000120 0.001407 0.000117 0.000117 0.000103 0.000086 0.000097 0.000088 0.000093 0.000068 0.000133 0.000077 0.000065 0.000064 0.000038 0.000069 0.000072 0.000063 0.000031 
23 0.082542 0.010082 0.151734 0.018007 0.016168 0.021913 0.557862 0.009055 0.004351 0.057873 0.003390 0.003552 0.002743 0.010751 0.002996 0.002605 0.002635 0.004960 0.002685 0.002473 0.002793 0.002477 0.001426 0.002249 0.011144 0.004304 0.007230 
4458 0.017211 0.005885 0.004511 0.015288 0.613128 0.000600 0.005712 0.057073 0.000556 0.002698 0.002693 0.000376 0.000552 0.171438 0.000471 0.000333 0.000461 0.000287 0.034115 0.000312 0.031413 0.017197 0.001703 0.000273 0.002471 0.012168 0.001072 
27 0.014767 0.046700 0.562263 0.010594 0.012973 0.011229 0.078306 0.016213 0.003809 0.189057 0.005138 0.003869 0.003260 0.003279 0.003578 0.003151 0.003366 0.003060 0.003685 0.002889 0.003083 0.001807 0.001379 0.003377 0.004678 0.004382 0.000107 
427 0.562536 0.094771 0.101112 0.026285 0.007056 0.024623 0.030805 0.005929 0.005349 0.073153 0.006585 0.004753 0.003778 0.003510 0.005160 0.003532 0.004102 0.003249 0.004166 0.003333 0.003046 0.002525 0.005501 0.003381 0.008965 0.001550 0.001239 
63936 0.700586 0.290673 0.002394 0.000619 0.000309 0.000277 0.002112 0.000234 0.000132 0.001136 0.000145 0.000124 0.000118 0.000094 0.000108 0.000105 0.000107 0.000072 0.000125 0.000084 0.000062 0.000068 0.000053 0.000079 0.000055 0.000078 0.000052 
