344878 0.991178 0.003402 0.002535 0.000199 0.000084 0.000244 0.000627 0.000102 0.000038 0.000885 0.000044 0.000042 0.000038 0.000026 0.000032 0.000029 0.000031 0.000022 0.000059 0.000024 0.000019 0.000018 0.000017 0.000022 0.000033 0.000020 0.000230 
1023 0.780105 0.007434 0.026487 0.004090 0.003510 0.018221 0.090507 0.001676 0.001269 0.033497 0.001243 0.001186 0.001159 0.000925 0.000995 0.001009 0.000970 0.000801 0.002357 0.000787 0.000698 0.000681 0.000652 0.000327 0.001055 0.004851 0.013506 
85747 0.956638 0.033086 0.003097 0.000396 0.000137 0.000587 0.003201 0.000172 0.000065 0.001639 0.000069 0.000065 0.000056 0.000047 0.000053 0.000050 0.000052 0.000039 0.000121 0.000043 0.000037 0.000033 0.000037 0.000037 0.000188 0.000034 0.000022 
13084 0.007234 0.008749 0.004518 0.861513 0.028311 0.000511 0.004591 0.062371 0.000199 0.008380 0.000712 0.000147 0.000112 0.006197 0.000110 0.000104 0.000118 0.000085 0.002936 0.000095 0.001095 0.000352 0.000342 0.000081 0.000369 0.000466 0.000302 
6072 0.019476 0.008591 0.004336 0.004058 0.002681 0.922573 0.002487 0.000871 0.014336 0.003327 0.001595 0.001900 0.002617 0.001749 0.000517 0.000424 0.000411 0.000490 0.000549 0.000423 0.000319 0.001140 0.000591 0.002126 0.001682 0.000421 0.000312 
107 0.024366 0.088726 0.036029 0.043569 0.014905 0.105956 0.013052 0.028662 0.014766 0.443425 0.017992 0.012019 0.024246 0.006920 0.006463 0.006919 0.007432 0.006440 0.025877 0.007864 0.008429 0.007177 0.010437 0.013743 0.009805 0.012672 0.002109 
3863 0.008679 0.003293 0.018353 0.003709 0.789559 0.001975 0.001038 0.073929 0.000402 0.002295 0.001179 0.000289 0.000277 0.060817 0.000364 0.000193 0.000367 0.000197 0.013701 0.001200 0.008733 0.003981 0.000345 0.000163 0.000567 0.004254 0.000140 
2868 0.022386 0.005427 0.003420 0.002362 0.001206 0.012180 0.001879 0.002694 0.428384 0.001621 0.001376 0.002858 0.000573 0.000564 0.000510 0.191178 0.016936 0.138032 0.001357 0.100840 0.000374 0.000362 0.007403 0.053903 0.000688 0.000919 0.000564 
1890 0.022305 0.010535 0.010820 0.001403 0.001481 0.000900 0.938921 0.005542 0.000639 0.001943 0.000351 0.000391 0.000285 0.000457 0.000326 0.000262 0.000260 0.000275 0.000351 0.000261 0.000134 0.000146 0.000218 0.000258 0.000973 0.000434 0.000132 
6776 0.022596 0.007149 0.002910 0.001386 0.000923 0.000799 0.002214 0.000896 0.000858 0.001718 0.246917 0.158194 0.175681 0.000970 0.170435 0.000611 0.068059 0.000722 0.005039 0.000521 0.032514 0.032686 0.024847 0.000674 0.025007 0.009313 0.006361 
4027 0.022797 0.011099 0.011600 0.005157 0.002132 0.004803 0.001881 0.011544 0.000842 0.873825 0.002430 0.001068 0.011652 0.001378 0.000736 0.000672 0.001965 0.000611 0.018704 0.000796 0.000872 0.001122 0.003350 0.001086 0.002732 0.004204 0.000942 
1032 0.015789 0.004175 0.003218 0.001561 0.000757 0.475015 0.001512 0.001611 0.320605 0.002059 0.000567 0.001383 0.000317 0.000360 0.000305 0.062340 0.003963 0.038413 0.000711 0.028885 0.000247 0.000253 0.002164 0.032816 0.000337 0.000522 0.000115 
17 0.011625 0.644456 0.061206 0.050153 0.024625 0.067914 0.012012 0.005601 0.003704 0.069197 0.005147 0.003476 0.003800 0.003308 0.002841 0.002803 0.003971 0.002959 0.004018 0.002652 0.002856 0.001824 0.001618 0.003028 0.002840 0.001624 0.000741 
12318 0.029187 0.888190 0.006513 0.009341 0.006787 0.001791 0.031561 0.000924 0.000450 0.016911 0.000525 0.000433 0.000412 0.000428 0.000384 0.000349 0.000399 0.000338 0.001019 0.000332 0.000334 0.000234 0.000285 0.000306 0.001818 0.000425 0.000325 
40991 0.012865 0.003773 0.919223 0.004346 0.020021 0.000380 0.010743 0.012368 0.000235 0.012828 0.000299 0.000201 0.000179 0.000181 0.000182 0.000171 0.000179 0.000149 0.000451 0.000153 0.000177 0.000095 0.000087 0.000134 0.000261 0.000277 0.000043 
1516 0.048471 0.010958 0.008153 0.004434 0.002358 0.002080 0.004806 0.010952 0.006541 0.006230 0.095143 0.171586 0.014805 0.002253 0.010592 0.003879 0.394131 0.023308 0.007364 0.011641 0.013927 0.011016 0.100660 0.009392 0.010931 0.010813 0.003570 
19598 0.788533 0.013503 0.159195 0.001408 0.005544 0.002520 0.002240 0.001346 0.001048 0.010075 0.001529 0.001133 0.001047 0.001038 0.000983 0.000892 0.000942 0.000706 0.001275 0.000687 0.000677 0.000583 0.000747 0.000341 0.000975 0.000864 0.000166 
3240 0.842868 0.148473 0.002209 0.000951 0.000254 0.000308 0.001861 0.000169 0.000120 0.001407 0.000117 0.000117 0.000103 0.000086 0.000097 0.000088 0.000093 0.000068 0.000133 0.000077 0.000065 0.000064 0.000038 0.000069 0.000072 0.000063 0.000031 
39 0.082554 0.010074 0.151731 0.018005 0.016166 0.021913 0.557863 0.009054 0.004351 0.057873 0.003390 0.003552 0.002743 0.010752 0.002996 0.002605 0.002635 0.004960 0.002686 0.002473 0.002795 0.002477 0.001426 0.002248 0.011144 0.004304 0.007230 
2832 0.017278 0.005887 0.004532 0.015335 0.613675 0.000602 0.005724 0.057188 0.000557 0.002712 0.002710 0.000377 0.000551 0.170862 0.000473 0.000334 0.000462 0.000288 0.034073 0.000313 0.031366 0.017072 0.001669 0.000274 0.002488 0.012113 0.001084 
97 0.014780 0.046689 0.562264 0.010593 0.012971 0.011233 0.078300 0.016217 0.003810 0.189049 0.005146 0.003868 0.003259 0.003279 0.003578 0.003151 0.003365 0.003059 0.003684 0.002890 0.003085 0.001806 0.001380 0.003375 0.004678 0.004382 0.000107 
47 0.562749 0.094869 0.101027 0.026192 0.007050 0.024593 0.030863 0.005874 0.005283 0.073283 0.006509 0.004741 0.003784 0.003519 0.005158 0.003496 0.004099 0.003231 0.004159 0.003315 0.003053 0.002531 0.005466 0.003378 0.008978 0.001550 0.001242 
25663 0.699942 0.291110 0.002452 0.000632 0.000316 0.000285 0.002169 0.000238 0.000135 0.001157 0.000148 0.000127 0.000121 0.000096 0.000111 0.000107 0.000110 0.000074 0.000128 0.000086 0.000063 0.000070 0.000054 0.000081 0.000056 0.000080 0.000054 
