159461 0.991139 0.003422 0.002544 0.000200 0.000084 0.000245 0.000631 0.000102 0.000038 0.000883 0.000044 0.000043 0.000038 0.000026 0.000032 0.000030 0.000032 0.000022 0.000060 0.000024 0.000019 0.000018 0.000017 0.000022 0.000033 0.000021 0.000232 
287 0.780024 0.007452 0.026511 0.004099 0.003515 0.018096 0.090613 0.001678 0.001274 0.033513 0.001243 0.001187 0.001160 0.000927 0.000996 0.001005 0.000970 0.000800 0.002359 0.000787 0.000697 0.000682 0.000650 0.000328 0.001056 0.004855 0.013520 
150707 0.956614 0.033154 0.003083 0.000395 0.000137 0.000585 0.003189 0.000171 0.000064 0.001630 0.000069 0.000065 0.000056 0.000047 0.000053 0.000050 0.000052 0.000039 0.000120 0.000043 0.000037 0.000033 0.000037 0.000037 0.000187 0.000034 0.000021 
23908 0.007214 0.008725 0.004496 0.861721 0.028188 0.000508 0.004594 0.062433 0.000199 0.008348 0.000703 0.000146 0.000111 0.006169 0.000110 0.000104 0.000118 0.000084 0.002940 0.000095 0.001090 0.000350 0.000341 0.000081 0.000368 0.000464 0.000300 
4938 0.019338 0.008605 0.004317 0.004057 0.002685 0.922680 0.002490 0.000872 0.014357 0.003328 0.001595 0.001902 0.002619 0.001751 0.000518 0.000424 0.000411 0.000490 0.000550 0.000424 0.000319 0.001141 0.000585 0.002124 0.001684 0.000421 0.000311 
36 0.024347 0.088745 0.036028 0.043566 0.014910 0.105950 0.013055 0.028666 0.014766 0.443421 0.017993 0.012020 0.024250 0.006923 0.006464 0.006918 0.007434 0.006440 0.025876 0.007865 0.008430 0.007178 0.010424 0.013734 0.009806 0.012679 0.002111 
12266 0.008578 0.003272 0.018158 0.003674 0.788691 0.001954 0.001040 0.074196 0.000400 0.002272 0.001196 0.000286 0.000274 0.061401 0.000360 0.000191 0.000364 0.000195 0.013906 0.001187 0.008863 0.004016 0.000362 0.000163 0.000563 0.004295 0.000142 
6604 0.022229 0.005410 0.003399 0.002364 0.001207 0.012107 0.001869 0.002695 0.428890 0.001613 0.001367 0.002843 0.000570 0.000561 0.000507 0.191022 0.016852 0.138094 0.001360 0.100778 0.000372 0.000360 0.007323 0.054036 0.000687 0.000920 0.000562 
6538 0.022284 0.010531 0.010814 0.001403 0.001481 0.000899 0.938963 0.005539 0.000638 0.001941 0.000351 0.000391 0.000285 0.000457 0.000326 0.000261 0.000260 0.000274 0.000351 0.000261 0.000134 0.000145 0.000217 0.000257 0.000972 0.000434 0.000132 
5783 0.022576 0.007157 0.002900 0.001388 0.000923 0.000799 0.002217 0.000893 0.000859 0.001719 0.246514 0.158251 0.176056 0.000969 0.170370 0.000612 0.068118 0.000722 0.005030 0.000522 0.032555 0.032762 0.024792 0.000676 0.024937 0.009316 0.006365 
3274 0.022718 0.011121 0.011615 0.005172 0.002136 0.004808 0.001882 0.011482 0.000845 0.873851 0.002422 0.001068 0.011668 0.001375 0.000737 0.000673 0.001970 0.000614 0.018761 0.000796 0.000878 0.001117 0.003328 0.001089 0.002726 0.004203 0.000944 
298 0.015781 0.004193 0.003205 0.001551 0.000761 0.475193 0.001516 0.001612 0.320282 0.002065 0.000566 0.001384 0.000317 0.000361 0.000305 0.062424 0.003967 0.038440 0.000712 0.028923 0.000248 0.000253 0.002154 0.032807 0.000338 0.000523 0.000116 
4 0.011616 0.644459 0.061207 0.050155 0.024625 0.067915 0.012013 0.005601 0.003704 0.069197 0.005147 0.003476 0.003800 0.003308 0.002841 0.002804 0.003971 0.002959 0.004018 0.002652 0.002856 0.001824 0.001618 0.003029 0.002840 0.001624 0.000741 
50255 0.029142 0.888720 0.006472 0.009285 0.006742 0.001779 0.031398 0.000918 0.000447 0.016806 0.000522 0.000430 0.000410 0.000425 0.000381 0.000347 0.000396 0.000336 0.001012 0.000330 0.000331 0.000233 0.000283 0.000303 0.001805 0.000422 0.000323 
41804 0.012850 0.003770 0.919334 0.004327 0.019974 0.000380 0.010744 0.012357 0.000235 0.012818 0.000295 0.000201 0.000179 0.000181 0.000182 0.000171 0.000179 0.000149 0.000451 0.000153 0.000175 0.000095 0.000087 0.000134 0.000261 0.000277 0.000043 
1697 0.048340 0.011000 0.008129 0.004437 0.002359 0.002077 0.004808 0.010939 0.006546 0.006242 0.095092 0.170701 0.014837 0.002284 0.010609 0.003906 0.395060 0.023238 0.007343 0.011684 0.013938 0.011076 0.100477 0.009396 0.010997 0.010877 0.003602 
5353 0.791106 0.013615 0.155302 0.001459 0.005771 0.002557 0.002316 0.001401 0.001090 0.010280 0.001523 0.001179 0.001090 0.001077 0.001024 0.000930 0.000982 0.000737 0.001327 0.000716 0.000697 0.000607 0.000769 0.000356 0.001015 0.000900 0.000173 
15783 0.842668 0.148692 0.002204 0.000948 0.000253 0.000306 0.001861 0.000169 0.000120 0.001404 0.000116 0.000117 0.000102 0.000086 0.000096 0.000087 0.000093 0.000068 0.000132 0.000077 0.000065 0.000064 0.000038 0.000068 0.000072 0.000063 0.000031 
1 0.082541 0.010081 0.151733 0.018008 0.016168 0.021913 0.557863 0.009055 0.004351 0.057874 0.003390 0.003552 0.002743 0.010750 0.002996 0.002605 0.002635 0.004960 0.002686 0.002473 0.002791 0.002477 0.001426 0.002249 0.011145 0.004304 0.007230 
687 0.017321 0.005915 0.004533 0.015386 0.614481 0.000604 0.005741 0.057136 0.000560 0.002714 0.002671 0.000379 0.000552 0.170546 0.000473 0.000335 0.000464 0.000289 0.033868 0.000315 0.031114 0.017040 0.001671 0.000275 0.002479 0.012059 0.001075 
698 0.717598 0.084181 0.075623 0.035743 0.018339 0.011768 0.011320 0.006152 0.005901 0.005681 0.003933 0.002745 0.002667 0.002658 0.002590 0.002233 0.001971 0.001603 0.001290 0.001219 0.001110 0.000864 0.000866 0.000770 0.000553 0.000511 0.000111 
