217276 0.991151 0.003420 0.002539 0.000199 0.000084 0.000244 0.000630 0.000102 0.000038 0.000883 0.000044 0.000043 0.000038 0.000026 0.000032 0.000030 0.000032 0.000022 0.000059 0.000024 0.000019 0.000018 0.000017 0.000022 0.000033 0.000021 0.000231 
439 0.780033 0.007454 0.026506 0.004098 0.003514 0.018096 0.090593 0.001678 0.001273 0.033513 0.001243 0.001187 0.001159 0.000926 0.000996 0.001005 0.000970 0.000799 0.002358 0.000786 0.000697 0.000682 0.000650 0.000327 0.001056 0.004858 0.013542 
187372 0.956743 0.033044 0.003080 0.000393 0.000137 0.000584 0.003182 0.000171 0.000064 0.001626 0.000069 0.000065 0.000056 0.000047 0.000053 0.000050 0.000052 0.000039 0.000120 0.000042 0.000037 0.000033 0.000036 0.000037 0.000186 0.000034 0.000021 
28514 0.007200 0.008714 0.004486 0.861837 0.028161 0.000507 0.004588 0.062412 0.000200 0.008330 0.000702 0.000146 0.000111 0.006160 0.000110 0.000104 0.000118 0.000084 0.002944 0.000095 0.001089 0.000350 0.000342 0.000081 0.000367 0.000463 0.000300 
5929 0.019359 0.008608 0.004322 0.004063 0.002683 0.922670 0.002488 0.000872 0.014344 0.003328 0.001594 0.001900 0.002617 0.001749 0.000517 0.000424 0.000411 0.000489 0.000550 0.000424 0.000319 0.001140 0.000589 0.002124 0.001682 0.000421 0.000311 
8 0.024350 0.088749 0.036030 0.043567 0.014908 0.105953 0.013055 0.028658 0.014766 0.443426 0.017994 0.012020 0.024249 0.006921 0.006464 0.006918 0.007433 0.006440 0.025875 0.007866 0.008430 0.007178 0.010424 0.013736 0.009805 0.012673 0.002109 
12713 0.008573 0.003272 0.018146 0.003673 0.789584 0.001953 0.001037 0.074342 0.000398 0.002266 0.001201 0.000286 0.000274 0.060754 0.000360 0.000191 0.000364 0.000195 0.013831 0.001187 0.008746 0.003943 0.000343 0.000162 0.000562 0.004219 0.000139 
6493 0.022237 0.005411 0.003400 0.002346 0.001210 0.012106 0.001874 0.002696 0.428953 0.001613 0.001364 0.002846 0.000570 0.000563 0.000507 0.191033 0.016865 0.138091 0.001357 0.100768 0.000372 0.000360 0.007357 0.053934 0.000684 0.000920 0.000561 
7001 0.022282 0.010530 0.010816 0.001405 0.001481 0.000899 0.938961 0.005538 0.000638 0.001941 0.000351 0.000391 0.000285 0.000458 0.000326 0.000261 0.000260 0.000274 0.000351 0.000261 0.000134 0.000145 0.000217 0.000257 0.000972 0.000433 0.000132 
7274 0.022582 0.007152 0.002897 0.001387 0.000923 0.000798 0.002214 0.000891 0.000858 0.001717 0.246581 0.158193 0.176115 0.000969 0.170373 0.000611 0.068052 0.000721 0.005025 0.000521 0.032553 0.032759 0.024782 0.000674 0.024994 0.009303 0.006355 
3515 0.022693 0.011123 0.011606 0.005162 0.002134 0.004809 0.001880 0.011485 0.000844 0.873814 0.002425 0.001069 0.011663 0.001375 0.000736 0.000673 0.001967 0.000611 0.018807 0.000796 0.000874 0.001119 0.003345 0.001101 0.002734 0.004212 0.000942 
626 0.015783 0.004194 0.003209 0.001552 0.000761 0.475097 0.001515 0.001612 0.320396 0.002061 0.000566 0.001383 0.000317 0.000360 0.000305 0.062405 0.003964 0.038449 0.000714 0.028910 0.000248 0.000253 0.002156 0.032812 0.000338 0.000522 0.000116 
88 0.011616 0.644459 0.061205 0.050153 0.024627 0.067919 0.012012 0.005601 0.003705 0.069194 0.005147 0.003476 0.003800 0.003309 0.002840 0.002804 0.003971 0.002960 0.004017 0.002653 0.002856 0.001824 0.001618 0.003029 0.002840 0.001624 0.000741 
63021 0.028980 0.889031 0.006465 0.009268 0.006727 0.001774 0.031354 0.000915 0.000446 0.016768 0.000521 0.000429 0.000409 0.000424 0.000380 0.000346 0.000395 0.000335 0.001010 0.000329 0.000331 0.000232 0.000282 0.000303 0.001801 0.000421 0.000323 
56006 0.012847 0.003765 0.919413 0.004321 0.019963 0.000380 0.010740 0.012337 0.000234 0.012794 0.000295 0.000200 0.000179 0.000180 0.000182 0.000171 0.000178 0.000148 0.000450 0.000153 0.000175 0.000095 0.000087 0.000134 0.000261 0.000276 0.000043 
1901 0.048356 0.010989 0.008112 0.004426 0.002358 0.002078 0.004800 0.010936 0.006534 0.006215 0.094923 0.170727 0.014849 0.002284 0.010629 0.003874 0.395480 0.023254 0.007379 0.011624 0.013942 0.011059 0.100248 0.009383 0.011068 0.010895 0.003574 
6816 0.791518 0.013547 0.155133 0.001433 0.005750 0.002542 0.002303 0.001394 0.001084 0.010224 0.001550 0.001175 0.001086 0.001070 0.001018 0.000925 0.000978 0.000731 0.001319 0.000712 0.000702 0.000604 0.000765 0.000354 0.001011 0.000896 0.000172 
1384 0.842846 0.148491 0.002210 0.000952 0.000255 0.000308 0.001862 0.000169 0.000120 0.001407 0.000117 0.000117 0.000103 0.000086 0.000097 0.000088 0.000093 0.000068 0.000133 0.000077 0.000065 0.000064 0.000038 0.000069 0.000072 0.000063 0.000031 
25 0.082541 0.010082 0.151731 0.018007 0.016168 0.021913 0.557860 0.009056 0.004351 0.057874 0.003390 0.003552 0.002743 0.010751 0.002996 0.002605 0.002635 0.004960 0.002685 0.002473 0.002794 0.002477 0.001427 0.002249 0.011145 0.004304 0.007230 
3391 0.017243 0.005890 0.004519 0.015316 0.613491 0.000601 0.005712 0.057082 0.000557 0.002709 0.002697 0.000377 0.000550 0.171163 0.000471 0.000334 0.000462 0.000288 0.034003 0.000313 0.031399 0.017140 0.001673 0.000274 0.002474 0.012180 0.001082 
1 0.014769 0.046701 0.562264 0.010594 0.012973 0.011228 0.078308 0.016214 0.003808 0.189059 0.005134 0.003868 0.003260 0.003279 0.003578 0.003151 0.003366 0.003059 0.003685 0.002889 0.003083 0.001807 0.001378 0.003375 0.004678 0.004382 0.000107 
337 0.562750 0.094836 0.100956 0.026324 0.007078 0.024590 0.030811 0.005866 0.005338 0.073141 0.006535 0.004770 0.003777 0.003516 0.005163 0.003511 0.004098 0.003265 0.004152 0.003311 0.003068 0.002527 0.005481 0.003378 0.008963 0.001550 0.001239 
49347 0.700534 0.290662 0.002409 0.000623 0.000312 0.000280 0.002130 0.000234 0.000133 0.001142 0.000146 0.000125 0.000119 0.000094 0.000109 0.000106 0.000108 0.000073 0.000126 0.000085 0.000062 0.000069 0.000053 0.000080 0.000055 0.000079 0.000053 
