71962 0.991131 0.003419 0.002549 0.000200 0.000085 0.000245 0.000633 0.000103 0.000038 0.000885 0.000044 0.000043 0.000038 0.000026 0.000032 0.000030 0.000032 0.000022 0.000060 0.000024 0.000019 0.000018 0.000017 0.000022 0.000033 0.000021 0.000232 
731 0.780088 0.007448 0.026496 0.004099 0.003513 0.018150 0.090550 0.001677 0.001272 0.033496 0.001243 0.001187 0.001159 0.000926 0.000995 0.001005 0.000970 0.000802 0.002358 0.000786 0.000697 0.000682 0.000653 0.000329 0.001056 0.004852 0.013510 
69166 0.956635 0.033086 0.003094 0.000396 0.000138 0.000588 0.003204 0.000172 0.000065 0.001638 0.000069 0.000065 0.000056 0.000047 0.000054 0.000050 0.000052 0.000039 0.000121 0.000043 0.000037 0.000033 0.000037 0.000037 0.000188 0.000034 0.000022 
10614 0.007239 0.008759 0.004514 0.861507 0.028294 0.000512 0.004595 0.062383 0.000199 0.008378 0.000701 0.000147 0.000112 0.006198 0.000110 0.000104 0.000119 0.000085 0.002943 0.000096 0.001094 0.000352 0.000341 0.000081 0.000370 0.000467 0.000302 
5183 0.019375 0.008619 0.004322 0.004057 0.002685 0.922645 0.002491 0.000872 0.014344 0.003327 0.001594 0.001902 0.002619 0.001751 0.000518 0.000424 0.000411 0.000489 0.000549 0.000424 0.000319 0.001141 0.000586 0.002120 0.001683 0.000421 0.000311 
18 0.024343 0.088750 0.036029 0.043568 0.014909 0.105953 0.013056 0.028665 0.014766 0.443423 0.017994 0.012020 0.024249 0.006921 0.006464 0.006918 0.007433 0.006440 0.025877 0.007866 0.008430 0.007178 0.010424 0.013735 0.009805 0.012673 0.002109 
5333 0.008635 0.003299 0.018277 0.003705 0.789599 0.001973 0.001039 0.073961 0.000402 0.002287 0.001185 0.000289 0.000276 0.060856 0.000363 0.000193 0.000367 0.000197 0.013741 0.001198 0.008716 0.003979 0.000345 0.000164 0.000566 0.004250 0.000140 
3448 0.022344 0.005436 0.003412 0.002367 0.001219 0.012169 0.001880 0.002695 0.428591 0.001620 0.001369 0.002854 0.000573 0.000567 0.000510 0.191118 0.016924 0.137923 0.001364 0.100822 0.000374 0.000362 0.007371 0.053961 0.000688 0.000921 0.000563 
4179 0.022290 0.010535 0.010816 0.001404 0.001481 0.000900 0.938943 0.005541 0.000638 0.001942 0.000351 0.000391 0.000285 0.000457 0.000326 0.000262 0.000260 0.000274 0.000351 0.000261 0.000134 0.000145 0.000217 0.000258 0.000972 0.000434 0.000132 
3602 0.022606 0.007167 0.002903 0.001390 0.000924 0.000801 0.002221 0.000894 0.000860 0.001720 0.246351 0.158270 0.176064 0.000972 0.170428 0.000613 0.068191 0.000724 0.005035 0.000522 0.032509 0.032739 0.024814 0.000676 0.024937 0.009319 0.006352 
1781 0.022754 0.011156 0.011642 0.005183 0.002140 0.004821 0.001887 0.011471 0.000846 0.873693 0.002416 0.001071 0.011701 0.001381 0.000739 0.000675 0.001972 0.000614 0.018725 0.000799 0.000875 0.001120 0.003347 0.001088 0.002728 0.004213 0.000941 
399 0.015773 0.004195 0.003206 0.001551 0.000763 0.475209 0.001517 0.001615 0.320235 0.002062 0.000566 0.001384 0.000317 0.000361 0.000306 0.062445 0.003966 0.038455 0.000710 0.028917 0.000248 0.000253 0.002158 0.032810 0.000338 0.000523 0.000116 
46 0.011615 0.644461 0.061205 0.050153 0.024625 0.067919 0.012013 0.005601 0.003704 0.069196 0.005147 0.003476 0.003800 0.003308 0.002841 0.002804 0.003971 0.002959 0.004018 0.002652 0.002856 0.001825 0.001618 0.003028 0.002840 0.001624 0.000741 
26982 0.029159 0.888436 0.006492 0.009316 0.006769 0.001787 0.031477 0.000922 0.000449 0.016869 0.000524 0.000432 0.000411 0.000427 0.000383 0.000348 0.000398 0.000337 0.001016 0.000331 0.000333 0.000234 0.000284 0.000305 0.001813 0.000424 0.000324 
19205 0.012865 0.003781 0.919167 0.004337 0.020012 0.000381 0.010759 0.012385 0.000235 0.012857 0.000296 0.000201 0.000180 0.000181 0.000183 0.000171 0.000179 0.000149 0.000453 0.000153 0.000176 0.000095 0.000087 0.000134 0.000262 0.000278 0.000043 
1175 0.048419 0.011029 0.008155 0.004455 0.002368 0.002091 0.004828 0.010936 0.006554 0.006241 0.095037 0.171022 0.014849 0.002273 0.010620 0.003901 0.395041 0.023282 0.007345 0.011719 0.013984 0.011088 0.099895 0.009433 0.010980 0.010863 0.003583 
2534 0.790120 0.013681 0.155840 0.001510 0.005839 0.002581 0.002334 0.001411 0.001100 0.010367 0.001528 0.001189 0.001099 0.001084 0.001032 0.000937 0.000989 0.000741 0.001336 0.000722 0.000703 0.000612 0.000775 0.000358 0.001027 0.000907 0.000174 
3146 0.842858 0.148481 0.002210 0.000952 0.000254 0.000308 0.001861 0.000169 0.000120 0.001406 0.000117 0.000117 0.000103 0.000086 0.000097 0.000088 0.000093 0.000068 0.000133 0.000077 0.000065 0.000064 0.000038 0.000069 0.000072 0.000063 0.000031 
3 0.082538 0.010082 0.151733 0.018008 0.016168 0.021915 0.557863 0.009055 0.004351 0.057874 0.003390 0.003552 0.002743 0.010751 0.002997 0.002605 0.002635 0.004960 0.002686 0.002473 0.002791 0.002477 0.001426 0.002249 0.011145 0.004304 0.007230 
1209 0.017295 0.005910 0.004529 0.015368 0.614223 0.000606 0.005731 0.057128 0.000559 0.002715 0.002673 0.000378 0.000552 0.170715 0.000473 0.000335 0.000464 0.000289 0.033913 0.000314 0.031233 0.017039 0.001674 0.000275 0.002481 0.012052 0.001074 
84 0.562470 0.094817 0.101221 0.026528 0.007096 0.024540 0.030817 0.005954 0.005297 0.073139 0.006494 0.004734 0.003778 0.003533 0.005150 0.003491 0.004093 0.003226 0.004157 0.003310 0.003048 0.002527 0.005451 0.003373 0.008961 0.001547 0.001240 
283 0.717883 0.083933 0.075522 0.035643 0.018334 0.011883 0.011322 0.006146 0.005900 0.005679 0.003938 0.002758 0.002678 0.002658 0.002603 0.002234 0.001980 0.001598 0.001292 0.001220 0.001112 0.000867 0.000868 0.000769 0.000556 0.000512 0.000111 
