73376 0.991137 0.003415 0.002548 0.000200 0.000085 0.000245 0.000632 0.000103 0.000038 0.000885 0.000044 0.000043 0.000038 0.000026 0.000032 0.000030 0.000032 0.000022 0.000060 0.000024 0.000019 0.000018 0.000017 0.000022 0.000033 0.000021 0.000232 
212 0.779988 0.007454 0.026508 0.004098 0.003515 0.018102 0.090630 0.001679 0.001274 0.033526 0.001243 0.001187 0.001160 0.000927 0.000996 0.001006 0.000970 0.000800 0.002359 0.000787 0.000697 0.000682 0.000650 0.000328 0.001057 0.004856 0.013521 
111772 0.956687 0.033056 0.003090 0.000395 0.000137 0.000586 0.003196 0.000171 0.000064 0.001635 0.000069 0.000065 0.000056 0.000047 0.000053 0.000050 0.000052 0.000039 0.000120 0.000043 0.000037 0.000033 0.000037 0.000037 0.000187 0.000034 0.000021 
12846 0.007229 0.008753 0.004511 0.861516 0.028280 0.000510 0.004599 0.062412 0.000199 0.008377 0.000704 0.000147 0.000112 0.006193 0.000110 0.000104 0.000118 0.000084 0.002938 0.000095 0.001094 0.000352 0.000341 0.000082 0.000370 0.000466 0.000302 
2855 0.019387 0.008621 0.004331 0.004067 0.002690 0.922531 0.002495 0.000874 0.014369 0.003333 0.001598 0.001906 0.002624 0.001754 0.000518 0.000425 0.000412 0.000490 0.000551 0.000425 0.000320 0.001143 0.000587 0.002129 0.001687 0.000422 0.000312 
9 0.024352 0.088749 0.036030 0.043567 0.014908 0.105954 0.013055 0.028658 0.014766 0.443422 0.017995 0.012020 0.024249 0.006921 0.006464 0.006919 0.007433 0.006440 0.025876 0.007866 0.008430 0.007178 0.010424 0.013735 0.009805 0.012673 0.002109 
4909 0.008649 0.003300 0.018296 0.003707 0.789634 0.001972 0.001039 0.074011 0.000402 0.002290 0.001184 0.000289 0.000276 0.060754 0.000363 0.000193 0.000367 0.000196 0.013708 0.001198 0.008729 0.003977 0.000345 0.000163 0.000566 0.004251 0.000140 
2628 0.022388 0.005447 0.003422 0.002366 0.001215 0.012182 0.001881 0.002707 0.428677 0.001622 0.001372 0.002857 0.000573 0.000567 0.000510 0.191085 0.016947 0.137730 0.001365 0.100881 0.000375 0.000362 0.007376 0.053918 0.000690 0.000918 0.000564 
2582 0.022297 0.010535 0.010817 0.001403 0.001480 0.000900 0.938934 0.005541 0.000639 0.001942 0.000351 0.000391 0.000285 0.000457 0.000326 0.000262 0.000260 0.000275 0.000351 0.000261 0.000134 0.000145 0.000217 0.000258 0.000973 0.000434 0.000132 
2300 0.022631 0.007173 0.002907 0.001391 0.000924 0.000801 0.002221 0.000895 0.000860 0.001722 0.246451 0.158277 0.176097 0.000971 0.170356 0.000613 0.068210 0.000725 0.005037 0.000522 0.032451 0.032706 0.024808 0.000676 0.024915 0.009313 0.006343 
1779 0.022764 0.011155 0.011642 0.005180 0.002147 0.004820 0.001886 0.011482 0.000846 0.873767 0.002424 0.001072 0.011701 0.001379 0.000739 0.000675 0.001971 0.000615 0.018652 0.000799 0.000874 0.001122 0.003324 0.001090 0.002727 0.004207 0.000941 
106 0.015787 0.004196 0.003203 0.001548 0.000760 0.475271 0.001516 0.001613 0.320179 0.002062 0.000566 0.001384 0.000317 0.000361 0.000305 0.062446 0.003968 0.038443 0.000710 0.028931 0.000248 0.000253 0.002155 0.032800 0.000338 0.000523 0.000116 
42 0.011617 0.644462 0.061205 0.050153 0.024625 0.067915 0.012013 0.005601 0.003705 0.069196 0.005147 0.003476 0.003800 0.003308 0.002840 0.002804 0.003971 0.002959 0.004018 0.002653 0.002856 0.001824 0.001618 0.003028 0.002840 0.001624 0.000741 
27274 0.029128 0.888467 0.006497 0.009318 0.006770 0.001786 0.031473 0.000922 0.000449 0.016868 0.000524 0.000432 0.000411 0.000427 0.000383 0.000348 0.000398 0.000337 0.001016 0.000331 0.000333 0.000234 0.000284 0.000305 0.001813 0.000424 0.000324 
25083 0.012866 0.003777 0.919202 0.004336 0.020006 0.000380 0.010755 0.012376 0.000235 0.012848 0.000296 0.000201 0.000179 0.000181 0.000182 0.000171 0.000179 0.000149 0.000452 0.000153 0.000176 0.000095 0.000087 0.000134 0.000262 0.000277 0.000043 
721 0.048573 0.011061 0.008174 0.004452 0.002371 0.002089 0.004834 0.010974 0.006571 0.006248 0.095147 0.171190 0.014888 0.002261 0.010616 0.003892 0.395118 0.023330 0.007310 0.011660 0.013983 0.011071 0.099439 0.009426 0.010905 0.010836 0.003575 
3333 0.790883 0.013645 0.155352 0.001441 0.005797 0.002564 0.002324 0.001403 0.001094 0.010328 0.001523 0.001186 0.001096 0.001081 0.001029 0.000934 0.000986 0.000739 0.001333 0.000720 0.000700 0.000610 0.000773 0.000357 0.001021 0.000905 0.000174 
1736 0.842842 0.148496 0.002210 0.000952 0.000254 0.000308 0.001862 0.000169 0.000120 0.001407 0.000117 0.000117 0.000103 0.000086 0.000097 0.000088 0.000093 0.000068 0.000133 0.000077 0.000065 0.000064 0.000038 0.000069 0.000072 0.000063 0.000031 
5 0.082543 0.010082 0.151733 0.018007 0.016167 0.021913 0.557863 0.009055 0.004351 0.057874 0.003390 0.003552 0.002743 0.010750 0.002996 0.002605 0.002635 0.004960 0.002686 0.002473 0.002791 0.002477 0.001426 0.002249 0.011145 0.004304 0.007230 
1742 0.017284 0.005905 0.004528 0.015352 0.614124 0.000603 0.005732 0.057150 0.000559 0.002710 0.002694 0.000378 0.000552 0.170687 0.000472 0.000335 0.000463 0.000289 0.033943 0.000314 0.031315 0.017035 0.001682 0.000274 0.002478 0.012065 0.001077 
11 0.014770 0.046701 0.562265 0.010594 0.012973 0.011228 0.078307 0.016213 0.003809 0.189058 0.005134 0.003868 0.003260 0.003279 0.003578 0.003151 0.003366 0.003061 0.003685 0.002889 0.003083 0.001807 0.001378 0.003375 0.004678 0.004382 0.000107 
340 0.562582 0.094872 0.101008 0.026201 0.007062 0.024698 0.030809 0.005867 0.005362 0.073179 0.006548 0.004753 0.003776 0.003515 0.005169 0.003521 0.004098 0.003284 0.004155 0.003334 0.003050 0.002526 0.005482 0.003388 0.008967 0.001547 0.001239 
22076 0.699947 0.291105 0.002445 0.000633 0.000317 0.000285 0.002166 0.000238 0.000135 0.001160 0.000148 0.000127 0.000121 0.000096 0.000111 0.000107 0.000110 0.000074 0.000128 0.000086 0.000063 0.000070 0.000054 0.000081 0.000056 0.000080 0.000054 
