56462 0.991135 0.003413 0.002549 0.000200 0.000085 0.000246 0.000633 0.000103 0.000038 0.000885 0.000044 0.000043 0.000038 0.000026 0.000032 0.000030 0.000032 0.000022 0.000060 0.000024 0.000019 0.000018 0.000017 0.000022 0.000033 0.000021 0.000233 
1962 0.779675 0.007433 0.026441 0.004088 0.003509 0.018917 0.090384 0.001675 0.001281 0.033452 0.001240 0.001184 0.001157 0.000924 0.000994 0.001003 0.000968 0.000802 0.002353 0.000785 0.000696 0.000681 0.000649 0.000327 0.001054 0.004843 0.013485 
37696 0.956661 0.033043 0.003099 0.000397 0.000138 0.000589 0.003211 0.000172 0.000065 0.001641 0.000069 0.000066 0.000056 0.000047 0.000054 0.000050 0.000052 0.000039 0.000121 0.000043 0.000037 0.000033 0.000037 0.000037 0.000188 0.000034 0.000022 
7333 0.007238 0.008767 0.004519 0.861434 0.028324 0.000512 0.004599 0.062388 0.000198 0.008384 0.000700 0.000148 0.000112 0.006207 0.000111 0.000105 0.000119 0.000085 0.002945 0.000096 0.001096 0.000352 0.000342 0.000082 0.000370 0.000467 0.000302 
3975 0.019443 0.008616 0.004317 0.004061 0.002690 0.922504 0.002495 0.000873 0.014379 0.003330 0.001596 0.001904 0.002622 0.001753 0.000518 0.000425 0.000412 0.000490 0.000550 0.000424 0.000319 0.001142 0.000586 0.002131 0.001685 0.000422 0.000312 
12 0.024341 0.088748 0.036028 0.043567 0.014909 0.105959 0.013058 0.028658 0.014767 0.443422 0.017994 0.012022 0.024249 0.006921 0.006464 0.006918 0.007433 0.006440 0.025876 0.007867 0.008430 0.007178 0.010424 0.013735 0.009806 0.012673 0.002109 
4463 0.008648 0.003301 0.018296 0.003710 0.789778 0.001975 0.001041 0.073778 0.000401 0.002289 0.001161 0.000289 0.000277 0.060830 0.000364 0.000193 0.000367 0.000197 0.013733 0.001199 0.008713 0.003986 0.000347 0.000163 0.000566 0.004256 0.000140 
2726 0.022410 0.005454 0.003423 0.002365 0.001221 0.012181 0.001884 0.002695 0.429006 0.001620 0.001375 0.002858 0.000573 0.000564 0.000511 0.190957 0.016946 0.137733 0.001360 0.100678 0.000374 0.000363 0.007369 0.053905 0.000689 0.000917 0.000567 
4637 0.022287 0.010536 0.010814 0.001404 0.001481 0.000900 0.938948 0.005541 0.000638 0.001942 0.000351 0.000391 0.000285 0.000458 0.000326 0.000261 0.000260 0.000274 0.000351 0.000261 0.000134 0.000145 0.000217 0.000258 0.000972 0.000433 0.000132 
2903 0.022613 0.007169 0.002905 0.001391 0.000925 0.000802 0.002222 0.000894 0.000861 0.001722 0.246369 0.158293 0.176036 0.000971 0.170376 0.000613 0.068220 0.000724 0.005039 0.000522 0.032487 0.032749 0.024814 0.000677 0.024930 0.009320 0.006358 
1265 0.022774 0.011163 0.011652 0.005182 0.002144 0.004828 0.001891 0.011494 0.000847 0.873558 0.002422 0.001072 0.011712 0.001381 0.000740 0.000676 0.001977 0.000614 0.018757 0.000799 0.000877 0.001123 0.003322 0.001092 0.002734 0.004216 0.000950 
266 0.015774 0.004193 0.003200 0.001549 0.000761 0.475255 0.001519 0.001612 0.320226 0.002062 0.000567 0.001385 0.000317 0.000361 0.000306 0.062435 0.003967 0.038443 0.000710 0.028923 0.000248 0.000253 0.002155 0.032800 0.000338 0.000523 0.000116 
13 0.011613 0.644462 0.061206 0.050154 0.024626 0.067915 0.012014 0.005601 0.003704 0.069197 0.005147 0.003476 0.003800 0.003308 0.002841 0.002804 0.003971 0.002959 0.004018 0.002652 0.002856 0.001824 0.001618 0.003028 0.002840 0.001624 0.000741 
18055 0.029160 0.888316 0.006502 0.009329 0.006780 0.001789 0.031521 0.000923 0.000450 0.016894 0.000524 0.000433 0.000412 0.000428 0.000383 0.000349 0.000398 0.000338 0.001018 0.000332 0.000333 0.000234 0.000284 0.000305 0.001816 0.000424 0.000325 
12248 0.012868 0.003783 0.919115 0.004341 0.020025 0.000381 0.010767 0.012392 0.000235 0.012868 0.000296 0.000202 0.000180 0.000181 0.000183 0.000172 0.000179 0.000149 0.000453 0.000154 0.000176 0.000095 0.000087 0.000134 0.000263 0.000278 0.000043 
888 0.048482 0.011044 0.008164 0.004444 0.002369 0.002098 0.004841 0.010936 0.006566 0.006247 0.095280 0.171284 0.014871 0.002268 0.010626 0.003896 0.394874 0.023323 0.007347 0.011696 0.013957 0.011065 0.099440 0.009436 0.010997 0.010846 0.003596 
1244 0.790928 0.013659 0.155066 0.001438 0.005837 0.002580 0.002342 0.001412 0.001106 0.010371 0.001528 0.001194 0.001104 0.001088 0.001036 0.000941 0.000993 0.000744 0.001341 0.000724 0.000705 0.000614 0.000774 0.000360 0.001028 0.000911 0.000175 
510 0.842825 0.148508 0.002210 0.000952 0.000255 0.000308 0.001863 0.000169 0.000120 0.001407 0.000117 0.000118 0.000103 0.000086 0.000097 0.000088 0.000093 0.000068 0.000133 0.000077 0.000065 0.000064 0.000038 0.000069 0.000072 0.000063 0.000031 
16 0.082537 0.010081 0.151735 0.018007 0.016168 0.021915 0.557863 0.009055 0.004352 0.057873 0.003390 0.003552 0.002743 0.010750 0.002996 0.002605 0.002635 0.004960 0.002686 0.002473 0.002791 0.002478 0.001426 0.002249 0.011144 0.004304 0.007230 
976 0.017304 0.005912 0.004528 0.015373 0.614370 0.000607 0.005739 0.057150 0.000561 0.002714 0.002674 0.000379 0.000552 0.170536 0.000473 0.000335 0.000464 0.000289 0.033902 0.000314 0.031202 0.017042 0.001675 0.000277 0.002478 0.012073 0.001075 
34 0.718058 0.083765 0.075459 0.035625 0.018357 0.011886 0.011365 0.006146 0.005912 0.005673 0.003943 0.002762 0.002679 0.002657 0.002603 0.002231 0.001980 0.001595 0.001294 0.001217 0.001111 0.000868 0.000864 0.000769 0.000556 0.000513 0.000112 
