149442 0.991160 0.003406 0.002541 0.000199 0.000084 0.000245 0.000631 0.000102 0.000038 0.000882 0.000044 0.000043 0.000038 0.000026 0.000032 0.000030 0.000032 0.000022 0.000060 0.000024 0.000019 0.000018 0.000017 0.000022 0.000033 0.000021 0.000232 
244 0.780031 0.007449 0.026509 0.004096 0.003515 0.018088 0.090617 0.001678 0.001271 0.033521 0.001243 0.001187 0.001160 0.000927 0.000996 0.001005 0.000970 0.000800 0.002359 0.000787 0.000697 0.000682 0.000650 0.000327 0.001057 0.004856 0.013520 
135937 0.956752 0.033004 0.003087 0.000395 0.000137 0.000586 0.003191 0.000171 0.000064 0.001632 0.000069 0.000065 0.000056 0.000047 0.000053 0.000050 0.000052 0.000039 0.000120 0.000043 0.000037 0.000033 0.000037 0.000037 0.000187 0.000034 0.000021 
13093 0.007227 0.008752 0.004511 0.861547 0.028275 0.000510 0.004593 0.062398 0.000199 0.008374 0.000703 0.000147 0.000112 0.006194 0.000110 0.000104 0.000118 0.000084 0.002938 0.000095 0.001094 0.000352 0.000342 0.000081 0.000369 0.000467 0.000302 
4209 0.019353 0.008611 0.004321 0.004062 0.002687 0.922623 0.002492 0.000872 0.014363 0.003334 0.001595 0.001903 0.002621 0.001752 0.000518 0.000425 0.000412 0.000491 0.000550 0.000424 0.000319 0.001142 0.000587 0.002124 0.001685 0.000421 0.000312 
13 0.024358 0.088744 0.036029 0.043565 0.014908 0.105954 0.013055 0.028658 0.014766 0.443429 0.017994 0.012020 0.024249 0.006921 0.006464 0.006918 0.007433 0.006440 0.025874 0.007865 0.008430 0.007178 0.010423 0.013734 0.009805 0.012673 0.002109 
6065 0.008646 0.003291 0.018268 0.003700 0.789644 0.001969 0.001039 0.074087 0.000401 0.002282 0.001171 0.000288 0.000276 0.060754 0.000363 0.000193 0.000366 0.000196 0.013720 0.001196 0.008703 0.003976 0.000348 0.000163 0.000567 0.004251 0.000140 
3958 0.022325 0.005427 0.003406 0.002360 0.001212 0.012159 0.001877 0.002693 0.428711 0.001620 0.001370 0.002849 0.000572 0.000565 0.000509 0.191072 0.016918 0.137914 0.001357 0.100811 0.000374 0.000362 0.007372 0.053995 0.000688 0.000917 0.000563 
4615 0.022291 0.010534 0.010818 0.001404 0.001482 0.000899 0.938942 0.005540 0.000638 0.001943 0.000351 0.000391 0.000285 0.000457 0.000326 0.000261 0.000260 0.000274 0.000351 0.000261 0.000134 0.000145 0.000217 0.000258 0.000972 0.000433 0.000132 
4961 0.022594 0.007158 0.002901 0.001387 0.000922 0.000799 0.002219 0.000892 0.000860 0.001720 0.246425 0.158223 0.176122 0.000969 0.170399 0.000612 0.068132 0.000723 0.005032 0.000521 0.032510 0.032749 0.024792 0.000676 0.024970 0.009310 0.006381 
2091 0.022764 0.011145 0.011632 0.005174 0.002138 0.004819 0.001887 0.011489 0.000845 0.873630 0.002431 0.001070 0.011694 0.001379 0.000738 0.000674 0.001970 0.000613 0.018770 0.000798 0.000876 0.001120 0.003343 0.001088 0.002738 0.004226 0.000946 
320 0.015792 0.004189 0.003203 0.001545 0.000758 0.475192 0.001516 0.001612 0.320285 0.002061 0.000566 0.001384 0.000317 0.000361 0.000305 0.062430 0.003967 0.038444 0.000710 0.028920 0.000248 0.000253 0.002161 0.032803 0.000338 0.000523 0.000116 
28 0.011620 0.644459 0.061205 0.050154 0.024625 0.067916 0.012012 0.005601 0.003704 0.069198 0.005147 0.003476 0.003800 0.003308 0.002841 0.002804 0.003971 0.002959 0.004018 0.002652 0.002856 0.001824 0.001618 0.003028 0.002840 0.001624 0.000741 
31943 0.029103 0.888526 0.006494 0.009313 0.006764 0.001785 0.031473 0.000921 0.000449 0.016856 0.000523 0.000432 0.000411 0.000426 0.000382 0.000348 0.000397 0.000337 0.001016 0.000331 0.000333 0.000233 0.000284 0.000304 0.001812 0.000423 0.000324 
28662 0.012863 0.003779 0.919218 0.004335 0.020004 0.000380 0.010751 0.012376 0.000235 0.012841 0.000296 0.000201 0.000179 0.000181 0.000182 0.000171 0.000179 0.000149 0.000452 0.000153 0.000175 0.000095 0.000087 0.000134 0.000262 0.000277 0.000043 
1289 0.048451 0.011018 0.008125 0.004431 0.002356 0.002088 0.004818 0.010971 0.006547 0.006250 0.094875 0.171176 0.014868 0.002263 0.010653 0.003899 0.395149 0.023290 0.007346 0.011699 0.013975 0.011102 0.099895 0.009385 0.010920 0.010858 0.003587 
3271 0.791093 0.013598 0.155196 0.001429 0.005795 0.002569 0.002324 0.001405 0.001095 0.010318 0.001523 0.001187 0.001097 0.001083 0.001029 0.000935 0.000987 0.000740 0.001333 0.000720 0.000703 0.000610 0.000773 0.000358 0.001021 0.000905 0.000174 
792 0.842847 0.148490 0.002210 0.000952 0.000254 0.000308 0.001862 0.000169 0.000120 0.001407 0.000117 0.000117 0.000103 0.000086 0.000097 0.000088 0.000093 0.000068 0.000133 0.000077 0.000065 0.000064 0.000038 0.000069 0.000072 0.000063 0.000031 
16 0.082546 0.010079 0.151733 0.018006 0.016169 0.021913 0.557864 0.009055 0.004351 0.057873 0.003390 0.003552 0.002743 0.010750 0.002996 0.002605 0.002635 0.004960 0.002685 0.002473 0.002791 0.002477 0.001426 0.002249 0.011144 0.004304 0.007230 
1848 0.017291 0.005900 0.004521 0.015347 0.614124 0.000603 0.005727 0.057126 0.000560 0.002711 0.002679 0.000380 0.000551 0.170739 0.000472 0.000334 0.000463 0.000289 0.033947 0.000314 0.031250 0.017061 0.001674 0.000274 0.002478 0.012103 0.001080 
13 0.014774 0.046698 0.562261 0.010593 0.012972 0.011229 0.078307 0.016213 0.003810 0.189057 0.005134 0.003868 0.003260 0.003279 0.003578 0.003152 0.003366 0.003060 0.003685 0.002890 0.003083 0.001807 0.001378 0.003375 0.004678 0.004382 0.000107 
41 0.562688 0.094895 0.101025 0.026214 0.007060 0.024571 0.030868 0.005880 0.005284 0.073261 0.006515 0.004743 0.003785 0.003519 0.005163 0.003497 0.004105 0.003235 0.004159 0.003317 0.003054 0.002532 0.005476 0.003379 0.008978 0.001550 0.001242 
18031 0.700052 0.290984 0.002450 0.000633 0.000318 0.000285 0.002170 0.000240 0.000136 0.001160 0.000149 0.000128 0.000121 0.000096 0.000111 0.000108 0.000110 0.000074 0.000128 0.000086 0.000063 0.000070 0.000054 0.000081 0.000057 0.000080 0.000054 
