188983 0.991147 0.003417 0.002542 0.000200 0.000084 0.000245 0.000630 0.000102 0.000038 0.000884 0.000044 0.000043 0.000038 0.000026 0.000032 0.000030 0.000032 0.000022 0.000059 0.000024 0.000019 0.000018 0.000017 0.000022 0.000033 0.000021 0.000232 
352 0.780043 0.007453 0.026507 0.004097 0.003515 0.018093 0.090602 0.001678 0.001271 0.033514 0.001243 0.001187 0.001159 0.000927 0.000998 0.001006 0.000970 0.000800 0.002358 0.000788 0.000697 0.000682 0.000652 0.000328 0.001056 0.004855 0.013519 
180761 0.956762 0.033020 0.003080 0.000394 0.000137 0.000584 0.003184 0.000171 0.000064 0.001628 0.000069 0.000065 0.000056 0.000047 0.000053 0.000050 0.000052 0.000039 0.000120 0.000042 0.000037 0.000033 0.000036 0.000037 0.000187 0.000034 0.000021 
25528 0.007204 0.008719 0.004489 0.861765 0.028191 0.000508 0.004592 0.062418 0.000199 0.008337 0.000707 0.000146 0.000111 0.006168 0.000110 0.000104 0.000118 0.000084 0.002939 0.000095 0.001090 0.000350 0.000342 0.000081 0.000368 0.000464 0.000301 
5321 0.019331 0.008603 0.004323 0.004059 0.002684 0.922666 0.002490 0.000872 0.014365 0.003328 0.001593 0.001903 0.002618 0.001750 0.000518 0.000424 0.000411 0.000490 0.000550 0.000424 0.000319 0.001141 0.000588 0.002131 0.001684 0.000421 0.000311 
47 0.024347 0.088745 0.036030 0.043568 0.014908 0.105950 0.013055 0.028668 0.014767 0.443421 0.017993 0.012020 0.024248 0.006920 0.006464 0.006918 0.007432 0.006440 0.025878 0.007867 0.008430 0.007178 0.010427 0.013737 0.009806 0.012674 0.002109 
11392 0.008578 0.003273 0.018176 0.003680 0.789745 0.001956 0.001037 0.074255 0.000398 0.002277 0.001183 0.000287 0.000274 0.060699 0.000360 0.000191 0.000364 0.000195 0.013780 0.001189 0.008706 0.003950 0.000349 0.000163 0.000562 0.004232 0.000139 
6372 0.022259 0.005421 0.003420 0.002345 0.001208 0.012108 0.001870 0.002685 0.429004 0.001612 0.001366 0.002843 0.000570 0.000562 0.000507 0.190778 0.016876 0.138106 0.001363 0.100868 0.000372 0.000360 0.007344 0.053982 0.000686 0.000916 0.000567 
9553 0.022269 0.010527 0.010812 0.001404 0.001482 0.000898 0.938984 0.005539 0.000638 0.001941 0.000351 0.000391 0.000285 0.000459 0.000326 0.000261 0.000260 0.000274 0.000351 0.000260 0.000134 0.000145 0.000217 0.000257 0.000971 0.000433 0.000132 
7076 0.022569 0.007154 0.002899 0.001387 0.000923 0.000798 0.002216 0.000891 0.000857 0.001716 0.246550 0.158241 0.176080 0.000968 0.170408 0.000611 0.068062 0.000722 0.005028 0.000521 0.032508 0.032716 0.024810 0.000675 0.025015 0.009309 0.006365 
4283 0.022678 0.011113 0.011590 0.005159 0.002132 0.004799 0.001880 0.011499 0.000841 0.873639 0.002427 0.001068 0.011650 0.001388 0.000737 0.000672 0.001964 0.000611 0.018944 0.000795 0.000875 0.001119 0.003364 0.001086 0.002762 0.004226 0.000982 
495 0.015776 0.004196 0.003208 0.001547 0.000762 0.475151 0.001516 0.001612 0.320330 0.002061 0.000567 0.001384 0.000317 0.000361 0.000305 0.062421 0.003965 0.038450 0.000710 0.028914 0.000248 0.000253 0.002156 0.032811 0.000338 0.000522 0.000116 
35 0.011615 0.644458 0.061206 0.050154 0.024625 0.067919 0.012013 0.005601 0.003704 0.069196 0.005147 0.003476 0.003800 0.003308 0.002841 0.002804 0.003971 0.002960 0.004018 0.002653 0.002856 0.001824 0.001619 0.003028 0.002840 0.001624 0.000741 
60234 0.029018 0.888941 0.006465 0.009271 0.006730 0.001776 0.031377 0.000918 0.000447 0.016782 0.000521 0.000430 0.000409 0.000424 0.000381 0.000346 0.000395 0.000335 0.001011 0.000329 0.000331 0.000232 0.000282 0.000303 0.001802 0.000421 0.000322 
51231 0.012846 0.003767 0.919366 0.004323 0.019974 0.000379 0.010747 0.012351 0.000234 0.012805 0.000296 0.000200 0.000179 0.000180 0.000182 0.000171 0.000178 0.000148 0.000450 0.000153 0.000175 0.000095 0.000086 0.000134 0.000261 0.000276 0.000043 
2006 0.048250 0.010974 0.008117 0.004419 0.002350 0.002077 0.004800 0.010923 0.006535 0.006226 0.095087 0.170889 0.014832 0.002249 0.010601 0.003901 0.394897 0.023271 0.007387 0.011720 0.013944 0.011057 0.100542 0.009399 0.011038 0.010893 0.003613 
6195 0.791236 0.013567 0.155318 0.001449 0.005760 0.002538 0.002312 0.001393 0.001089 0.010253 0.001534 0.001176 0.001088 0.001073 0.001020 0.000927 0.000978 0.000735 0.001322 0.000714 0.000703 0.000605 0.000767 0.000355 0.001016 0.000898 0.000172 
608 0.842836 0.148498 0.002211 0.000952 0.000255 0.000308 0.001862 0.000169 0.000120 0.001407 0.000117 0.000117 0.000103 0.000086 0.000097 0.000088 0.000093 0.000068 0.000133 0.000077 0.000065 0.000064 0.000038 0.000069 0.000072 0.000063 0.000031 
6 0.082541 0.010081 0.151733 0.018007 0.016168 0.021913 0.557863 0.009055 0.004351 0.057874 0.003390 0.003552 0.002743 0.010750 0.002996 0.002605 0.002635 0.004960 0.002686 0.002473 0.002793 0.002477 0.001426 0.002249 0.011145 0.004304 0.007230 
3905 0.017224 0.005888 0.004516 0.015304 0.613254 0.000601 0.005727 0.057056 0.000560 0.002703 0.002710 0.000376 0.000549 0.171265 0.000471 0.000333 0.000461 0.000288 0.034111 0.000313 0.031479 0.017160 0.001694 0.000273 0.002470 0.012133 0.001078 
1 0.014768 0.046701 0.562264 0.010594 0.012973 0.011228 0.078308 0.016214 0.003809 0.189060 0.005134 0.003868 0.003260 0.003279 0.003578 0.003151 0.003366 0.003059 0.003685 0.002889 0.003083 0.001807 0.001378 0.003375 0.004678 0.004382 0.000107 
200 0.562624 0.094864 0.101077 0.026280 0.007064 0.024561 0.030851 0.005896 0.005300 0.073233 0.006516 0.004748 0.003784 0.003518 0.005165 0.003499 0.004098 0.003227 0.004157 0.003312 0.003056 0.002532 0.005481 0.003386 0.008975 0.001549 0.001241 
22960 0.699757 0.291305 0.002443 0.000632 0.000317 0.000285 0.002166 0.000238 0.000135 0.001155 0.000148 0.000127 0.000121 0.000096 0.000111 0.000107 0.000110 0.000074 0.000128 0.000086 0.000063 0.000070 0.000054 0.000081 0.000056 0.000080 0.000054 
