164893 0.991141 0.003423 0.002543 0.000200 0.000084 0.000245 0.000631 0.000102 0.000038 0.000882 0.000044 0.000043 0.000038 0.000026 0.000032 0.000030 0.000032 0.000022 0.000059 0.000024 0.000019 0.000018 0.000017 0.000022 0.000033 0.000021 0.000232 
744 0.780053 0.007448 0.026505 0.004099 0.003513 0.018172 0.090549 0.001679 0.001275 0.033507 0.001242 0.001186 0.001159 0.000926 0.000995 0.001005 0.000970 0.000800 0.002357 0.000787 0.000697 0.000682 0.000650 0.000327 0.001056 0.004852 0.013510 
149614 0.956661 0.033104 0.003084 0.000395 0.000137 0.000585 0.003189 0.000171 0.000064 0.001630 0.000069 0.000065 0.000056 0.000047 0.000053 0.000050 0.000052 0.000039 0.000120 0.000043 0.000037 0.000033 0.000037 0.000037 0.000187 0.000034 0.000021 
21312 0.007214 0.008733 0.004498 0.861705 0.028217 0.000508 0.004587 0.062400 0.000199 0.008346 0.000702 0.000147 0.000111 0.006177 0.000110 0.000104 0.000118 0.000084 0.002946 0.000095 0.001090 0.000351 0.000341 0.000081 0.000369 0.000466 0.000301 
6701 0.019401 0.008588 0.004316 0.004054 0.002681 0.922676 0.002487 0.000871 0.014346 0.003324 0.001593 0.001899 0.002615 0.001748 0.000517 0.000424 0.000411 0.000488 0.000549 0.000424 0.000319 0.001140 0.000586 0.002129 0.001681 0.000421 0.000311 
38 0.024346 0.088745 0.036030 0.043569 0.014908 0.105950 0.013055 0.028664 0.014766 0.443424 0.017993 0.012020 0.024248 0.006921 0.006464 0.006918 0.007432 0.006441 0.025883 0.007865 0.008430 0.007178 0.010426 0.013738 0.009805 0.012673 0.002109 
11222 0.008586 0.003275 0.018199 0.003679 0.789075 0.001957 0.001040 0.074115 0.000399 0.002273 0.001175 0.000287 0.000274 0.061207 0.000360 0.000191 0.000364 0.000197 0.013855 0.001189 0.008815 0.003977 0.000362 0.000162 0.000562 0.004282 0.000140 
6186 0.022258 0.005411 0.003395 0.002348 0.001211 0.012115 0.001871 0.002688 0.429604 0.001615 0.001366 0.002841 0.000570 0.000561 0.000508 0.190725 0.016870 0.137866 0.001357 0.100665 0.000372 0.000360 0.007340 0.053912 0.000690 0.000919 0.000562 
6847 0.022280 0.010530 0.010816 0.001405 0.001482 0.000899 0.938963 0.005539 0.000638 0.001941 0.000351 0.000391 0.000285 0.000457 0.000326 0.000261 0.000260 0.000274 0.000351 0.000261 0.000134 0.000145 0.000217 0.000257 0.000972 0.000433 0.000132 
8024 0.022549 0.007144 0.002897 0.001387 0.000921 0.000798 0.002213 0.000891 0.000857 0.001715 0.246367 0.158231 0.176064 0.000968 0.170472 0.000610 0.068040 0.000721 0.005027 0.000521 0.032590 0.032808 0.024809 0.000673 0.025014 0.009328 0.006382 
2965 0.022709 0.011134 0.011619 0.005168 0.002135 0.004814 0.001884 0.011489 0.000844 0.873729 0.002420 0.001069 0.011676 0.001377 0.000737 0.000673 0.001968 0.000614 0.018816 0.000797 0.000875 0.001123 0.003350 0.001088 0.002726 0.004219 0.000944 
857 0.015797 0.004189 0.003203 0.001546 0.000763 0.475038 0.001515 0.001615 0.320515 0.002065 0.000566 0.001385 0.000317 0.000360 0.000305 0.062359 0.003963 0.038441 0.000709 0.028893 0.000248 0.000253 0.002158 0.032821 0.000338 0.000522 0.000115 
3 0.011615 0.644460 0.061207 0.050155 0.024625 0.067915 0.012013 0.005601 0.003704 0.069197 0.005147 0.003476 0.003800 0.003308 0.002841 0.002804 0.003971 0.002959 0.004018 0.002652 0.002856 0.001824 0.001618 0.003029 0.002840 0.001624 0.000741 
54277 0.029091 0.888809 0.006470 0.009281 0.006737 0.001777 0.031390 0.000918 0.000447 0.016795 0.000521 0.000430 0.000409 0.000425 0.000381 0.000347 0.000396 0.000336 0.001012 0.000330 0.000331 0.000233 0.000282 0.000303 0.001804 0.000422 0.000323 
44152 0.012844 0.003769 0.919329 0.004331 0.019987 0.000380 0.010747 0.012356 0.000234 0.012812 0.000295 0.000201 0.000179 0.000181 0.000182 0.000171 0.000179 0.000149 0.000451 0.000153 0.000175 0.000095 0.000086 0.000134 0.000261 0.000277 0.000043 
1758 0.048271 0.010992 0.008131 0.004423 0.002372 0.002083 0.004806 0.010907 0.006542 0.006240 0.094995 0.170916 0.014871 0.002264 0.010683 0.003898 0.395260 0.023297 0.007409 0.011653 0.013960 0.011058 0.100080 0.009384 0.011047 0.010888 0.003565 
4893 0.791516 0.013587 0.154964 0.001425 0.005771 0.002551 0.002316 0.001403 0.001092 0.010262 0.001519 0.001181 0.001092 0.001077 0.001025 0.000930 0.000982 0.000736 0.001327 0.000717 0.000704 0.000607 0.000768 0.000356 0.001017 0.000901 0.000173 
4733 0.842739 0.148605 0.002209 0.000951 0.000254 0.000308 0.001860 0.000169 0.000120 0.001405 0.000117 0.000117 0.000103 0.000086 0.000097 0.000088 0.000093 0.000068 0.000133 0.000077 0.000065 0.000064 0.000038 0.000069 0.000072 0.000063 0.000031 
2 0.082541 0.010082 0.151733 0.018008 0.016168 0.021914 0.557863 0.009055 0.004351 0.057874 0.003390 0.003552 0.002743 0.010750 0.002996 0.002605 0.002635 0.004960 0.002686 0.002473 0.002791 0.002477 0.001426 0.002249 0.011145 0.004304 0.007230 
1353 0.017297 0.005911 0.004529 0.015365 0.614057 0.000604 0.005733 0.057100 0.000559 0.002712 0.002672 0.000378 0.000552 0.170742 0.000473 0.000335 0.000464 0.000289 0.033912 0.000314 0.031263 0.017124 0.001676 0.000275 0.002480 0.012102 0.001079 
20 0.014767 0.046700 0.562263 0.010595 0.012973 0.011228 0.078307 0.016213 0.003813 0.189056 0.005137 0.003868 0.003260 0.003279 0.003578 0.003151 0.003366 0.003059 0.003685 0.002889 0.003083 0.001807 0.001378 0.003375 0.004678 0.004382 0.000107 
123 0.562557 0.094889 0.101038 0.026244 0.007068 0.024558 0.030856 0.005887 0.005311 0.073251 0.006546 0.004742 0.003783 0.003519 0.005176 0.003499 0.004107 0.003243 0.004174 0.003318 0.003047 0.002530 0.005491 0.003389 0.008983 0.001550 0.001241 
23 0.699540 0.291397 0.002474 0.000641 0.000322 0.000289 0.002196 0.000242 0.000137 0.001172 0.000151 0.000129 0.000123 0.000098 0.000113 0.000109 0.000111 0.000075 0.000130 0.000087 0.000064 0.000071 0.000055 0.000082 0.000057 0.000081 0.000055 
