103336 0.991148 0.003407 0.002545 0.000200 0.000085 0.000246 0.000632 0.000103 0.000038 0.000885 0.000044 0.000043 0.000038 0.000026 0.000032 0.000030 0.000032 0.000022 0.000060 0.000024 0.000019 0.000018 0.000017 0.000022 0.000033 0.000021 0.000232 
387 0.780056 0.007446 0.026506 0.004094 0.003514 0.018087 0.090603 0.001678 0.001272 0.033512 0.001244 0.001188 0.001160 0.000927 0.000997 0.001005 0.000971 0.000802 0.002360 0.000787 0.000697 0.000682 0.000653 0.000328 0.001057 0.004856 0.013517 
44369 0.956702 0.033007 0.003097 0.000396 0.000138 0.000589 0.003209 0.000172 0.000065 0.001640 0.000069 0.000066 0.000056 0.000047 0.000054 0.000050 0.000052 0.000039 0.000121 0.000043 0.000037 0.000033 0.000037 0.000037 0.000188 0.000034 0.000022 
5623 0.007240 0.008767 0.004521 0.861436 0.028339 0.000512 0.004602 0.062348 0.000199 0.008389 0.000700 0.000148 0.000112 0.006211 0.000111 0.000105 0.000119 0.000085 0.002947 0.000096 0.001097 0.000353 0.000341 0.000081 0.000370 0.000468 0.000302 
4835 0.019331 0.008602 0.004323 0.004056 0.002685 0.922661 0.002492 0.000872 0.014362 0.003327 0.001596 0.001903 0.002620 0.001752 0.000518 0.000425 0.000412 0.000490 0.000552 0.000424 0.000319 0.001142 0.000587 0.002131 0.001684 0.000423 0.000311 
8 0.024349 0.088743 0.036027 0.043565 0.014908 0.105956 0.013058 0.028658 0.014767 0.443424 0.017995 0.012021 0.024250 0.006921 0.006465 0.006919 0.007433 0.006441 0.025875 0.007866 0.008431 0.007180 0.010424 0.013734 0.009806 0.012675 0.002110 
3676 0.008660 0.003298 0.018313 0.003711 0.789875 0.001976 0.001042 0.073662 0.000402 0.002290 0.001158 0.000290 0.000277 0.060799 0.000365 0.000193 0.000368 0.000197 0.013756 0.001200 0.008696 0.003982 0.000346 0.000163 0.000567 0.004269 0.000140 
4334 0.022322 0.005422 0.003410 0.002347 0.001204 0.012153 0.001878 0.002687 0.428431 0.001617 0.001369 0.002857 0.000572 0.000563 0.000511 0.191169 0.016919 0.138247 0.001357 0.100809 0.000374 0.000362 0.007366 0.053878 0.000690 0.000920 0.000563 
6259 0.022283 0.010531 0.010812 0.001403 0.001482 0.000899 0.938961 0.005538 0.000638 0.001942 0.000351 0.000391 0.000285 0.000459 0.000326 0.000261 0.000260 0.000274 0.000351 0.000261 0.000134 0.000145 0.000217 0.000258 0.000972 0.000433 0.000132 
9723 0.022521 0.007132 0.002889 0.001382 0.000919 0.000797 0.002212 0.000889 0.000856 0.001712 0.245782 0.158305 0.176034 0.000965 0.170581 0.000610 0.068069 0.000721 0.005039 0.000520 0.032581 0.032904 0.024780 0.000673 0.025266 0.009359 0.006500 
2008 0.022752 0.011140 0.011633 0.005172 0.002139 0.004820 0.001890 0.011471 0.000845 0.873385 0.002414 0.001072 0.011697 0.001382 0.000740 0.000675 0.001975 0.000614 0.019043 0.000799 0.000876 0.001120 0.003333 0.001091 0.002733 0.004236 0.000951 
336 0.015778 0.004188 0.003199 0.001544 0.000759 0.475236 0.001519 0.001614 0.320228 0.002063 0.000567 0.001385 0.000318 0.000361 0.000307 0.062433 0.003967 0.038449 0.000710 0.028926 0.000248 0.000254 0.002155 0.032813 0.000338 0.000523 0.000116 
29 0.011616 0.644462 0.061205 0.050154 0.024625 0.067915 0.012013 0.005601 0.003704 0.069196 0.005147 0.003477 0.003800 0.003308 0.002841 0.002804 0.003971 0.002959 0.004018 0.002652 0.002856 0.001825 0.001618 0.003028 0.002840 0.001624 0.000741 
19032 0.029127 0.888372 0.006503 0.009327 0.006779 0.001789 0.031500 0.000923 0.000450 0.016890 0.000524 0.000433 0.000412 0.000428 0.000384 0.000349 0.000398 0.000338 0.001019 0.000332 0.000333 0.000234 0.000284 0.000305 0.001816 0.000425 0.000325 
15562 0.012867 0.003782 0.919133 0.004340 0.020021 0.000381 0.010763 0.012391 0.000235 0.012860 0.000296 0.000202 0.000180 0.000181 0.000183 0.000172 0.000179 0.000149 0.000454 0.000153 0.000176 0.000095 0.000087 0.000134 0.000262 0.000278 0.000043 
2527 0.048084 0.010926 0.008081 0.004396 0.002345 0.002082 0.004796 0.010812 0.006503 0.006191 0.094843 0.171601 0.014843 0.002237 0.010670 0.003931 0.394696 0.023154 0.007356 0.011680 0.013914 0.011177 0.100328 0.009359 0.011280 0.010997 0.003711 
2745 0.790663 0.013609 0.155442 0.001437 0.005816 0.002571 0.002335 0.001406 0.001100 0.010344 0.001535 0.001203 0.001104 0.001087 0.001035 0.000937 0.000996 0.000743 0.001346 0.000723 0.000704 0.000612 0.000783 0.000358 0.001028 0.000907 0.000174 
2373 0.842915 0.148425 0.002209 0.000951 0.000254 0.000308 0.001861 0.000169 0.000120 0.001406 0.000117 0.000118 0.000103 0.000086 0.000097 0.000088 0.000093 0.000068 0.000133 0.000077 0.000065 0.000064 0.000038 0.000069 0.000072 0.000063 0.000031 
81 0.082538 0.010078 0.151733 0.018006 0.016169 0.021913 0.557864 0.009055 0.004351 0.057873 0.003392 0.003554 0.002743 0.010753 0.002998 0.002605 0.002636 0.004960 0.002686 0.002473 0.002791 0.002477 0.001426 0.002248 0.011144 0.004304 0.007230 
1500 0.017295 0.005905 0.004525 0.015356 0.614043 0.000605 0.005734 0.057108 0.000559 0.002711 0.002671 0.000379 0.000552 0.170774 0.000473 0.000335 0.000464 0.000289 0.034018 0.000314 0.031220 0.017056 0.001674 0.000275 0.002482 0.012096 0.001084 
117 0.562651 0.094825 0.101094 0.026322 0.007073 0.024552 0.030858 0.005888 0.005283 0.073216 0.006502 0.004751 0.003787 0.003521 0.005174 0.003499 0.004102 0.003230 0.004161 0.003314 0.003048 0.002531 0.005466 0.003377 0.008976 0.001550 0.001242 
113 0.718210 0.083591 0.075398 0.035487 0.018299 0.011871 0.011391 0.006119 0.005910 0.005679 0.003967 0.002805 0.002714 0.002657 0.002648 0.002242 0.002006 0.001610 0.001303 0.001223 0.001122 0.000883 0.000878 0.000770 0.000579 0.000519 0.000120 
