124439 0.991156 0.003405 0.002542 0.000199 0.000084 0.000247 0.000631 0.000102 0.000038 0.000883 0.000044 0.000043 0.000038 0.000026 0.000032 0.000030 0.000032 0.000022 0.000060 0.000024 0.000019 0.000018 0.000017 0.000022 0.000033 0.000021 0.000232 
213 0.780015 0.007450 0.026508 0.004096 0.003515 0.018099 0.090619 0.001678 0.001272 0.033518 0.001243 0.001187 0.001160 0.000927 0.000996 0.001006 0.000970 0.000802 0.002359 0.000787 0.000697 0.000682 0.000650 0.000327 0.001057 0.004856 0.013524 
168969 0.956708 0.033067 0.003083 0.000394 0.000137 0.000585 0.003185 0.000171 0.000064 0.001630 0.000069 0.000065 0.000056 0.000047 0.000053 0.000050 0.000052 0.000039 0.000120 0.000043 0.000037 0.000033 0.000036 0.000037 0.000187 0.000034 0.000021 
13530 0.007225 0.008747 0.004508 0.861539 0.028275 0.000510 0.004597 0.062415 0.000199 0.008375 0.000705 0.000147 0.000112 0.006192 0.000110 0.000104 0.000118 0.000085 0.002936 0.000095 0.001093 0.000352 0.000341 0.000082 0.000369 0.000466 0.000302 
3226 0.019404 0.008618 0.004324 0.004067 0.002689 0.922532 0.002494 0.000874 0.014368 0.003335 0.001597 0.001905 0.002623 0.001754 0.000518 0.000425 0.000412 0.000490 0.000550 0.000425 0.000320 0.001143 0.000588 0.002126 0.001686 0.000422 0.000312 
6 0.024359 0.088747 0.036028 0.043566 0.014908 0.105953 0.013055 0.028658 0.014767 0.443426 0.017994 0.012020 0.024249 0.006921 0.006464 0.006918 0.007433 0.006440 0.025874 0.007866 0.008430 0.007178 0.010424 0.013734 0.009805 0.012673 0.002109 
5786 0.008647 0.003293 0.018276 0.003701 0.789600 0.001970 0.001040 0.074119 0.000403 0.002289 0.001175 0.000288 0.000276 0.060738 0.000363 0.000193 0.000367 0.000197 0.013709 0.001197 0.008725 0.003972 0.000346 0.000163 0.000568 0.004248 0.000140 
2842 0.022373 0.005437 0.003417 0.002365 0.001210 0.012180 0.001880 0.002702 0.428668 0.001622 0.001372 0.002857 0.000573 0.000564 0.000510 0.191013 0.016939 0.137874 0.001362 0.100818 0.000374 0.000362 0.007389 0.053967 0.000688 0.000917 0.000564 
3744 0.022292 0.010535 0.010818 0.001404 0.001481 0.000899 0.938937 0.005540 0.000638 0.001943 0.000351 0.000391 0.000285 0.000459 0.000326 0.000261 0.000260 0.000274 0.000351 0.000261 0.000134 0.000145 0.000217 0.000258 0.000972 0.000434 0.000132 
3159 0.022641 0.007168 0.002906 0.001391 0.000924 0.000800 0.002220 0.000895 0.000860 0.001720 0.246591 0.158200 0.176057 0.000971 0.170342 0.000613 0.068172 0.000724 0.005041 0.000522 0.032472 0.032702 0.024810 0.000676 0.024924 0.009319 0.006337 
2169 0.022759 0.011150 0.011635 0.005173 0.002139 0.004817 0.001884 0.011499 0.000846 0.873793 0.002417 0.001070 0.011692 0.001380 0.000738 0.000674 0.001969 0.000613 0.018668 0.000798 0.000874 0.001120 0.003334 0.001088 0.002726 0.004200 0.000941 
351 0.015791 0.004190 0.003203 0.001549 0.000758 0.475200 0.001515 0.001615 0.320285 0.002062 0.000566 0.001384 0.000317 0.000361 0.000305 0.062422 0.003966 0.038436 0.000710 0.028920 0.000248 0.000253 0.002155 0.032809 0.000338 0.000524 0.000116 
7 0.011620 0.644459 0.061206 0.050154 0.024625 0.067914 0.012012 0.005601 0.003704 0.069197 0.005147 0.003476 0.003800 0.003308 0.002841 0.002804 0.003971 0.002959 0.004018 0.002652 0.002856 0.001824 0.001618 0.003028 0.002840 0.001624 0.000741 
29951 0.029117 0.888483 0.006499 0.009314 0.006767 0.001785 0.031480 0.000921 0.000449 0.016865 0.000524 0.000432 0.000411 0.000426 0.000383 0.000348 0.000398 0.000337 0.001015 0.000331 0.000333 0.000234 0.000284 0.000305 0.001812 0.000424 0.000324 
32291 0.012864 0.003779 0.919237 0.004334 0.019993 0.000380 0.010752 0.012370 0.000235 0.012840 0.000296 0.000201 0.000179 0.000181 0.000182 0.000171 0.000179 0.000149 0.000452 0.000153 0.000175 0.000095 0.000087 0.000134 0.000262 0.000277 0.000043 
954 0.048540 0.011037 0.008154 0.004445 0.002362 0.002085 0.004829 0.010981 0.006561 0.006242 0.095047 0.171147 0.014855 0.002261 0.010602 0.003895 0.395339 0.023310 0.007344 0.011698 0.013965 0.011032 0.099507 0.009417 0.010913 0.010849 0.003577 
5141 0.791271 0.013590 0.155244 0.001420 0.005759 0.002554 0.002317 0.001395 0.001090 0.010257 0.001521 0.001179 0.001090 0.001076 0.001023 0.000929 0.000981 0.000735 0.001325 0.000716 0.000699 0.000607 0.000773 0.000355 0.001015 0.000903 0.000173 
996 0.842849 0.148488 0.002210 0.000952 0.000254 0.000308 0.001862 0.000169 0.000120 0.001407 0.000117 0.000117 0.000103 0.000086 0.000097 0.000088 0.000093 0.000068 0.000133 0.000077 0.000065 0.000064 0.000038 0.000069 0.000072 0.000063 0.000031 
2 0.082548 0.010080 0.151732 0.018006 0.016167 0.021913 0.557862 0.009055 0.004351 0.057875 0.003390 0.003552 0.002743 0.010750 0.002996 0.002605 0.002635 0.004960 0.002686 0.002473 0.002791 0.002477 0.001426 0.002249 0.011145 0.004304 0.007230 
1870 0.017299 0.005900 0.004523 0.015352 0.614001 0.000603 0.005726 0.057132 0.000559 0.002714 0.002713 0.000378 0.000551 0.170698 0.000472 0.000334 0.000463 0.000289 0.033999 0.000314 0.031344 0.017033 0.001685 0.000274 0.002474 0.012088 0.001081 
29 0.014775 0.046698 0.562263 0.010593 0.012973 0.011229 0.078306 0.016213 0.003810 0.189054 0.005139 0.003868 0.003260 0.003279 0.003578 0.003151 0.003366 0.003060 0.003684 0.002889 0.003084 0.001807 0.001378 0.003376 0.004678 0.004382 0.000107 
5 0.562723 0.094911 0.101023 0.026204 0.007055 0.024559 0.030874 0.005877 0.005285 0.073276 0.006499 0.004742 0.003785 0.003520 0.005159 0.003497 0.004100 0.003231 0.004160 0.003316 0.003049 0.002532 0.005462 0.003379 0.008980 0.001551 0.001242 
35595 0.700844 0.290273 0.002434 0.000628 0.000314 0.000282 0.002147 0.000236 0.000134 0.001153 0.000147 0.000126 0.000120 0.000095 0.000110 0.000106 0.000109 0.000073 0.000127 0.000085 0.000063 0.000070 0.000054 0.000080 0.000056 0.000079 0.000053 
