332381 0.991140 0.003448 0.002533 0.000199 0.000084 0.000244 0.000627 0.000102 0.000038 0.000877 0.000044 0.000042 0.000038 0.000026 0.000032 0.000029 0.000031 0.000022 0.000059 0.000024 0.000019 0.000018 0.000017 0.000022 0.000033 0.000020 0.000230 
450 0.780061 0.007453 0.026507 0.004098 0.003514 0.018091 0.090592 0.001678 0.001271 0.033509 0.001243 0.001187 0.001159 0.000926 0.000996 0.001005 0.000970 0.000801 0.002360 0.000787 0.000697 0.000682 0.000651 0.000327 0.001056 0.004854 0.013524 
30550 0.956602 0.033099 0.003099 0.000397 0.000138 0.000589 0.003211 0.000172 0.000065 0.001642 0.000069 0.000066 0.000056 0.000047 0.000054 0.000050 0.000052 0.000039 0.000121 0.000043 0.000037 0.000033 0.000037 0.000037 0.000188 0.000034 0.000022 
35111 0.007188 0.008691 0.004475 0.861915 0.028132 0.000506 0.004585 0.062446 0.000199 0.008316 0.000705 0.000146 0.000111 0.006147 0.000109 0.000103 0.000117 0.000084 0.002940 0.000095 0.001087 0.000349 0.000343 0.000081 0.000366 0.000462 0.000299 
7495 0.019354 0.008603 0.004339 0.004060 0.002681 0.922703 0.002485 0.000872 0.014346 0.003323 0.001593 0.001898 0.002613 0.001747 0.000516 0.000423 0.000410 0.000489 0.000550 0.000423 0.000318 0.001139 0.000588 0.002115 0.001680 0.000420 0.000311 
15 0.024344 0.088751 0.036030 0.043569 0.014908 0.105952 0.013055 0.028658 0.014767 0.443427 0.017994 0.012020 0.024249 0.006921 0.006464 0.006918 0.007433 0.006440 0.025874 0.007865 0.008430 0.007178 0.010425 0.013736 0.009805 0.012674 0.002109 
14330 0.008549 0.003264 0.018113 0.003668 0.789543 0.001950 0.001032 0.074531 0.000399 0.002269 0.001188 0.000286 0.000273 0.060739 0.000359 0.000191 0.000363 0.000194 0.013828 0.001184 0.008705 0.003938 0.000349 0.000162 0.000561 0.004224 0.000138 
5422 0.022276 0.005430 0.003412 0.002375 0.001217 0.012131 0.001873 0.002696 0.428648 0.001614 0.001365 0.002852 0.000571 0.000562 0.000508 0.190974 0.016883 0.137962 0.001354 0.101001 0.000373 0.000361 0.007377 0.054020 0.000689 0.000913 0.000563 
8733 0.022272 0.010528 0.010819 0.001405 0.001480 0.000898 0.938976 0.005538 0.000638 0.001941 0.000351 0.000391 0.000285 0.000457 0.000326 0.000261 0.000260 0.000274 0.000351 0.000260 0.000134 0.000145 0.000217 0.000257 0.000971 0.000433 0.000132 
8432 0.022548 0.007145 0.002896 0.001388 0.000922 0.000797 0.002214 0.000891 0.000858 0.001716 0.246586 0.158149 0.176137 0.000967 0.170443 0.000611 0.067991 0.000722 0.005025 0.000520 0.032601 0.032719 0.024778 0.000674 0.025033 0.009306 0.006363 
4331 0.022657 0.011113 0.011591 0.005163 0.002131 0.004798 0.001880 0.011542 0.000841 0.873819 0.002423 0.001066 0.011645 0.001372 0.000735 0.000672 0.001967 0.000610 0.018900 0.000795 0.000876 0.001119 0.003342 0.001088 0.002715 0.004196 0.000942 
752 0.015761 0.004194 0.003217 0.001555 0.000759 0.475027 0.001515 0.001619 0.320509 0.002063 0.000566 0.001383 0.000317 0.000360 0.000305 0.062382 0.003963 0.038442 0.000710 0.028898 0.000248 0.000253 0.002161 0.032816 0.000338 0.000522 0.000115 
17 0.011614 0.644461 0.061207 0.050155 0.024625 0.067916 0.012013 0.005601 0.003704 0.069197 0.005147 0.003476 0.003800 0.003308 0.002841 0.002803 0.003971 0.002959 0.004018 0.002652 0.002856 0.001824 0.001618 0.003028 0.002840 0.001624 0.000741 
84153 0.029144 0.889103 0.006442 0.009237 0.006705 0.001769 0.031285 0.000914 0.000445 0.016715 0.000519 0.000428 0.000407 0.000423 0.000379 0.000345 0.000394 0.000334 0.001006 0.000328 0.000330 0.000231 0.000281 0.000302 0.001794 0.000420 0.000321 
66477 0.012815 0.003761 0.919497 0.004320 0.019955 0.000379 0.010735 0.012328 0.000234 0.012776 0.000295 0.000200 0.000178 0.000180 0.000181 0.000170 0.000178 0.000148 0.000450 0.000152 0.000175 0.000095 0.000086 0.000133 0.000261 0.000276 0.000043 
2217 0.048141 0.010983 0.008113 0.004424 0.002368 0.002078 0.004792 0.010912 0.006520 0.006219 0.094683 0.170859 0.014862 0.002247 0.010601 0.003885 0.395527 0.023230 0.007363 0.011683 0.013886 0.011083 0.100695 0.009380 0.011027 0.010862 0.003573 
8059 0.791897 0.013569 0.154863 0.001440 0.005716 0.002551 0.002298 0.001388 0.001083 0.010190 0.001534 0.001170 0.001082 0.001067 0.001015 0.000922 0.000973 0.000729 0.001315 0.000710 0.000697 0.000602 0.000764 0.000353 0.001007 0.000893 0.000171 
98707 0.842420 0.149146 0.002157 0.000926 0.000247 0.000299 0.001810 0.000165 0.000116 0.001375 0.000113 0.000114 0.000100 0.000084 0.000094 0.000085 0.000090 0.000066 0.000129 0.000075 0.000063 0.000062 0.000037 0.000067 0.000070 0.000061 0.000030 
11 0.082538 0.010083 0.151735 0.018008 0.016168 0.021913 0.557862 0.009055 0.004351 0.057873 0.003390 0.003552 0.002743 0.010751 0.002996 0.002605 0.002635 0.004960 0.002686 0.002473 0.002791 0.002477 0.001426 0.002249 0.011144 0.004304 0.007230 
4307 0.017210 0.005888 0.004510 0.015297 0.613230 0.000601 0.005712 0.057107 0.000559 0.002702 0.002693 0.000376 0.000549 0.171285 0.000470 0.000333 0.000463 0.000287 0.034066 0.000313 0.031499 0.017171 0.001688 0.000278 0.002470 0.012168 0.001074 
8 0.562649 0.094928 0.101053 0.026228 0.007064 0.024558 0.030874 0.005878 0.005284 0.073267 0.006505 0.004742 0.003785 0.003520 0.005159 0.003497 0.004100 0.003231 0.004160 0.003316 0.003049 0.002532 0.005462 0.003379 0.008979 0.001550 0.001242 
21 0.716567 0.084998 0.075874 0.035822 0.018348 0.011766 0.011328 0.006157 0.005844 0.005673 0.003930 0.002738 0.002667 0.002660 0.002590 0.002207 0.001967 0.001583 0.001292 0.001210 0.001115 0.000862 0.000866 0.000762 0.000556 0.000509 0.000111 
