174348 0.991141 0.003423 0.002543 0.000200 0.000084 0.000245 0.000631 0.000102 0.000038 0.000883 0.000044 0.000043 0.000038 0.000026 0.000032 0.000030 0.000032 0.000022 0.000059 0.000024 0.000019 0.000018 0.000017 0.000022 0.000033 0.000021 0.000232 
533 0.780094 0.007451 0.026512 0.004096 0.003514 0.018081 0.090578 0.001678 0.001271 0.033507 0.001243 0.001186 0.001159 0.000926 0.000996 0.001005 0.000970 0.000799 0.002358 0.000786 0.000697 0.000682 0.000650 0.000328 0.001056 0.004855 0.013520 
147568 0.956603 0.033159 0.003087 0.000394 0.000137 0.000585 0.003190 0.000171 0.000064 0.001630 0.000069 0.000065 0.000056 0.000047 0.000053 0.000050 0.000052 0.000039 0.000120 0.000043 0.000037 0.000033 0.000037 0.000037 0.000187 0.000034 0.000021 
22939 0.007215 0.008725 0.004507 0.861673 0.028229 0.000509 0.004585 0.062415 0.000198 0.008343 0.000702 0.000146 0.000111 0.006172 0.000110 0.000104 0.000118 0.000084 0.002957 0.000095 0.001090 0.000350 0.000344 0.000081 0.000368 0.000465 0.000301 
8525 0.019301 0.008593 0.004330 0.004055 0.002678 0.922818 0.002484 0.000869 0.014333 0.003318 0.001590 0.001896 0.002611 0.001745 0.000516 0.000423 0.000410 0.000488 0.000548 0.000423 0.000318 0.001138 0.000585 0.002122 0.001678 0.000421 0.000310 
1 0.024347 0.088749 0.036030 0.043568 0.014909 0.105955 0.013055 0.028659 0.014767 0.443423 0.017994 0.012020 0.024249 0.006921 0.006464 0.006918 0.007433 0.006440 0.025875 0.007866 0.008430 0.007178 0.010424 0.013734 0.009805 0.012673 0.002110 
12206 0.008583 0.003272 0.018151 0.003684 0.788580 0.001956 0.001037 0.074073 0.000404 0.002274 0.001177 0.000286 0.000274 0.061554 0.000360 0.000191 0.000364 0.000195 0.013964 0.001187 0.008847 0.004032 0.000364 0.000162 0.000562 0.004325 0.000141 
6539 0.022246 0.005411 0.003395 0.002352 0.001213 0.012112 0.001870 0.002691 0.429036 0.001611 0.001364 0.002842 0.000570 0.000562 0.000507 0.190886 0.016864 0.137968 0.001360 0.100903 0.000372 0.000360 0.007361 0.053977 0.000686 0.000916 0.000560 
6108 0.022281 0.010539 0.010816 0.001405 0.001482 0.000899 0.938950 0.005540 0.000638 0.001941 0.000351 0.000391 0.000285 0.000457 0.000326 0.000261 0.000260 0.000274 0.000351 0.000261 0.000134 0.000145 0.000217 0.000258 0.000972 0.000433 0.000132 
7740 0.022545 0.007145 0.002895 0.001386 0.000922 0.000798 0.002214 0.000893 0.000858 0.001717 0.246381 0.158182 0.176089 0.000967 0.170381 0.000611 0.068052 0.000722 0.005042 0.000520 0.032593 0.032874 0.024790 0.000675 0.025039 0.009340 0.006369 
2755 0.022728 0.011135 0.011621 0.005169 0.002138 0.004814 0.001882 0.011489 0.000845 0.873626 0.002416 0.001069 0.011680 0.001380 0.000739 0.000674 0.001971 0.000612 0.018913 0.000797 0.000873 0.001120 0.003356 0.001088 0.002725 0.004200 0.000937 
791 0.015771 0.004192 0.003206 0.001554 0.000762 0.474978 0.001515 0.001617 0.320574 0.002062 0.000566 0.001383 0.000317 0.000360 0.000305 0.062378 0.003965 0.038444 0.000710 0.028898 0.000248 0.000253 0.002159 0.032808 0.000338 0.000522 0.000115 
53 0.011615 0.644457 0.061207 0.050153 0.024625 0.067922 0.012012 0.005601 0.003705 0.069195 0.005147 0.003476 0.003800 0.003308 0.002841 0.002804 0.003971 0.002959 0.004018 0.002653 0.002856 0.001824 0.001618 0.003029 0.002840 0.001624 0.000741 
54374 0.029129 0.888760 0.006479 0.009280 0.006741 0.001778 0.031391 0.000917 0.000447 0.016794 0.000521 0.000430 0.000409 0.000425 0.000381 0.000347 0.000396 0.000336 0.001012 0.000330 0.000331 0.000233 0.000282 0.000303 0.001804 0.000422 0.000323 
42840 0.012883 0.003774 0.919281 0.004342 0.019983 0.000380 0.010743 0.012355 0.000235 0.012812 0.000296 0.000201 0.000179 0.000181 0.000182 0.000171 0.000179 0.000149 0.000451 0.000153 0.000175 0.000095 0.000086 0.000134 0.000261 0.000277 0.000043 
2252 0.048140 0.010957 0.008090 0.004418 0.002346 0.002075 0.004791 0.010901 0.006518 0.006198 0.094945 0.170781 0.014868 0.002275 0.010575 0.003885 0.395121 0.023195 0.007342 0.011723 0.013912 0.011083 0.100846 0.009410 0.011101 0.010900 0.003600 
2968 0.790659 0.013641 0.155528 0.001434 0.005800 0.002570 0.002326 0.001405 0.001098 0.010325 0.001538 0.001188 0.001098 0.001083 0.001030 0.000936 0.000988 0.000740 0.001337 0.000721 0.000704 0.000615 0.000774 0.000358 0.001022 0.000906 0.000174 
10 0.842837 0.148496 0.002211 0.000953 0.000255 0.000308 0.001863 0.000169 0.000120 0.001407 0.000117 0.000118 0.000103 0.000086 0.000097 0.000088 0.000093 0.000068 0.000133 0.000077 0.000065 0.000064 0.000038 0.000069 0.000072 0.000063 0.000031 
8 0.017331 0.005921 0.004546 0.015400 0.614773 0.000608 0.005740 0.057190 0.000562 0.002717 0.002673 0.000379 0.000553 0.170290 0.000474 0.000336 0.000465 0.000290 0.033869 0.000316 0.031098 0.016945 0.001673 0.000276 0.002482 0.012017 0.001076 
8 0.014812 0.046700 0.562234 0.010597 0.012973 0.011228 0.078303 0.016213 0.003809 0.189047 0.005136 0.003869 0.003260 0.003279 0.003579 0.003151 0.003366 0.003059 0.003684 0.002889 0.003083 0.001807 0.001378 0.003375 0.004679 0.004382 0.000107 
62 0.717441 0.084210 0.075629 0.035708 0.018329 0.011890 0.011304 0.006143 0.005914 0.005658 0.003943 0.002756 0.002680 0.002653 0.002602 0.002229 0.001981 0.001600 0.001296 0.001222 0.001113 0.000870 0.000873 0.000769 0.000560 0.000512 0.000112 
