115140 0.991139 0.003418 0.002546 0.000200 0.000085 0.000245 0.000632 0.000102 0.000038 0.000883 0.000044 0.000043 0.000038 0.000026 0.000032 0.000030 0.000032 0.000022 0.000060 0.000024 0.000019 0.000018 0.000017 0.000022 0.000033 0.000021 0.000232 
215 0.780018 0.007454 0.026511 0.004098 0.003516 0.018083 0.090622 0.001679 0.001272 0.033517 0.001244 0.001187 0.001160 0.000927 0.000997 0.001006 0.000971 0.000801 0.002359 0.000787 0.000697 0.000682 0.000651 0.000327 0.001057 0.004856 0.013521 
70528 0.956673 0.033051 0.003094 0.000396 0.000138 0.000587 0.003204 0.000172 0.000065 0.001638 0.000069 0.000065 0.000056 0.000047 0.000054 0.000050 0.000052 0.000039 0.000121 0.000043 0.000037 0.000033 0.000037 0.000037 0.000188 0.000034 0.000022 
13262 0.007226 0.008751 0.004509 0.861544 0.028290 0.000510 0.004595 0.062387 0.000198 0.008367 0.000701 0.000147 0.000112 0.006192 0.000110 0.000104 0.000119 0.000085 0.002949 0.000096 0.001094 0.000352 0.000343 0.000082 0.000369 0.000467 0.000302 
4204 0.019338 0.008609 0.004319 0.004062 0.002688 0.922635 0.002493 0.000873 0.014369 0.003328 0.001596 0.001904 0.002621 0.001752 0.000518 0.000425 0.000412 0.000489 0.000552 0.000424 0.000319 0.001142 0.000587 0.002125 0.001685 0.000422 0.000312 
10 0.024341 0.088749 0.036031 0.043568 0.014909 0.105954 0.013057 0.028660 0.014767 0.443425 0.017994 0.012021 0.024249 0.006921 0.006464 0.006919 0.007433 0.006440 0.025875 0.007866 0.008430 0.007178 0.010424 0.013736 0.009805 0.012673 0.002110 
7347 0.008616 0.003291 0.018250 0.003696 0.789774 0.001967 0.001041 0.073920 0.000400 0.002289 0.001166 0.000288 0.000276 0.060815 0.000362 0.000193 0.000366 0.000196 0.013770 0.001195 0.008682 0.003973 0.000354 0.000163 0.000565 0.004250 0.000140 
6751 0.022208 0.005409 0.003395 0.002346 0.001204 0.012101 0.001871 0.002687 0.428896 0.001614 0.001365 0.002842 0.000570 0.000561 0.000508 0.191135 0.016840 0.138099 0.001356 0.100740 0.000372 0.000360 0.007333 0.054019 0.000691 0.000916 0.000560 
7559 0.022276 0.010532 0.010815 0.001405 0.001485 0.000899 0.938967 0.005537 0.000638 0.001940 0.000351 0.000391 0.000285 0.000457 0.000326 0.000261 0.000260 0.000274 0.000351 0.000261 0.000133 0.000145 0.000217 0.000257 0.000971 0.000433 0.000132 
7371 0.022544 0.007146 0.002895 0.001386 0.000923 0.000798 0.002216 0.000892 0.000859 0.001716 0.246169 0.158323 0.176117 0.000967 0.170563 0.000611 0.068104 0.000722 0.005033 0.000521 0.032505 0.032741 0.024802 0.000675 0.025066 0.009314 0.006393 
2519 0.022713 0.011138 0.011627 0.005168 0.002138 0.004814 0.001885 0.011492 0.000845 0.873517 0.002423 0.001071 0.011689 0.001375 0.000738 0.000674 0.001971 0.000613 0.018936 0.000798 0.000879 0.001121 0.003347 0.001090 0.002743 0.004235 0.000956 
403 0.015767 0.004196 0.003206 0.001552 0.000762 0.475165 0.001518 0.001614 0.320318 0.002062 0.000566 0.001384 0.000318 0.000361 0.000306 0.062421 0.003966 0.038442 0.000710 0.028919 0.000248 0.000253 0.002156 0.032813 0.000338 0.000523 0.000116 
34 0.011613 0.644459 0.061207 0.050155 0.024626 0.067915 0.012013 0.005601 0.003704 0.069196 0.005147 0.003476 0.003800 0.003308 0.002841 0.002804 0.003971 0.002959 0.004018 0.002653 0.002856 0.001824 0.001618 0.003029 0.002840 0.001624 0.000741 
37456 0.029105 0.888599 0.006485 0.009300 0.006759 0.001783 0.031454 0.000921 0.000449 0.016839 0.000523 0.000431 0.000411 0.000426 0.000382 0.000348 0.000397 0.000337 0.001014 0.000331 0.000332 0.000233 0.000283 0.000304 0.001809 0.000423 0.000324 
27431 0.012849 0.003776 0.919214 0.004336 0.020013 0.000380 0.010757 0.012381 0.000235 0.012839 0.000296 0.000201 0.000179 0.000181 0.000182 0.000171 0.000179 0.000149 0.000452 0.000153 0.000176 0.000095 0.000087 0.000134 0.000262 0.000277 0.000043 
2465 0.048066 0.010961 0.008094 0.004404 0.002354 0.002070 0.004793 0.010900 0.006520 0.006186 0.095002 0.171163 0.014798 0.002242 0.010636 0.003878 0.394843 0.023205 0.007375 0.011715 0.013992 0.011180 0.100574 0.009333 0.011092 0.010964 0.003654 
2822 0.791487 0.013617 0.154729 0.001428 0.005805 0.002564 0.002333 0.001405 0.001100 0.010325 0.001528 0.001189 0.001099 0.001083 0.001031 0.000937 0.000988 0.000741 0.001335 0.000721 0.000701 0.000611 0.000774 0.000358 0.001023 0.000909 0.000174 
1559 0.842819 0.148516 0.002210 0.000952 0.000255 0.000308 0.001862 0.000169 0.000120 0.001407 0.000117 0.000118 0.000103 0.000086 0.000097 0.000088 0.000093 0.000068 0.000133 0.000077 0.000065 0.000064 0.000038 0.000069 0.000072 0.000063 0.000031 
12 0.082536 0.010082 0.151734 0.018008 0.016168 0.021914 0.557862 0.009056 0.004352 0.057873 0.003391 0.003553 0.002743 0.010751 0.002996 0.002605 0.002636 0.004960 0.002686 0.002473 0.002792 0.002477 0.001426 0.002249 0.011145 0.004304 0.007230 
2166 0.017271 0.005900 0.004520 0.015344 0.613872 0.000603 0.005727 0.057120 0.000559 0.002708 0.002672 0.000378 0.000551 0.170906 0.000472 0.000335 0.000463 0.000289 0.033980 0.000314 0.031303 0.017084 0.001690 0.000275 0.002482 0.012106 0.001074 
40 0.717448 0.084039 0.075580 0.035628 0.018366 0.011816 0.011415 0.006144 0.005942 0.005681 0.003956 0.002782 0.002696 0.002663 0.002625 0.002250 0.001996 0.001614 0.001299 0.001227 0.001116 0.000871 0.000877 0.000775 0.000565 0.000515 0.000114 
