84523 0.991144 0.003409 0.002545 0.000200 0.000085 0.000247 0.000632 0.000103 0.000038 0.000886 0.000044 0.000043 0.000038 0.000026 0.000032 0.000030 0.000032 0.000022 0.000060 0.000024 0.000019 0.000018 0.000017 0.000022 0.000033 0.000021 0.000232 
533 0.780089 0.007443 0.026496 0.004094 0.003513 0.018129 0.090576 0.001677 0.001270 0.033503 0.001242 0.001186 0.001159 0.000926 0.000995 0.001005 0.000970 0.000799 0.002358 0.000786 0.000697 0.000682 0.000650 0.000327 0.001056 0.004853 0.013514 
54602 0.956636 0.033075 0.003097 0.000396 0.000138 0.000589 0.003207 0.000172 0.000065 0.001642 0.000069 0.000066 0.000056 0.000047 0.000054 0.000050 0.000052 0.000039 0.000121 0.000043 0.000037 0.000033 0.000037 0.000037 0.000188 0.000034 0.000022 
4771 0.007248 0.008771 0.004522 0.861418 0.028341 0.000512 0.004603 0.062351 0.000199 0.008394 0.000704 0.000147 0.000112 0.006211 0.000111 0.000105 0.000119 0.000085 0.002939 0.000096 0.001096 0.000353 0.000342 0.000081 0.000370 0.000468 0.000303 
2155 0.019437 0.008636 0.004328 0.004069 0.002691 0.922467 0.002497 0.000874 0.014360 0.003333 0.001598 0.001907 0.002626 0.001755 0.000519 0.000425 0.000412 0.000490 0.000552 0.000425 0.000320 0.001144 0.000587 0.002125 0.001688 0.000422 0.000312 
39 0.024370 0.088738 0.036026 0.043567 0.014906 0.105963 0.013054 0.028658 0.014766 0.443416 0.017993 0.012020 0.024248 0.006920 0.006464 0.006918 0.007433 0.006441 0.025875 0.007865 0.008430 0.007178 0.010423 0.013741 0.009805 0.012673 0.002109 
2115 0.008689 0.003304 0.018343 0.003718 0.789664 0.001979 0.001041 0.073785 0.000402 0.002293 0.001173 0.000290 0.000277 0.060843 0.000364 0.000193 0.000368 0.000197 0.013677 0.001202 0.008723 0.003992 0.000348 0.000164 0.000568 0.004258 0.000141 
1085 0.022452 0.005451 0.003420 0.002360 0.001208 0.012209 0.001886 0.002700 0.428643 0.001624 0.001374 0.002863 0.000575 0.000566 0.000512 0.191052 0.016977 0.137760 0.001361 0.100778 0.000375 0.000363 0.007389 0.053927 0.000690 0.000920 0.000565 
2162 0.022302 0.010538 0.010816 0.001403 0.001481 0.000900 0.938924 0.005541 0.000639 0.001942 0.000351 0.000391 0.000285 0.000458 0.000326 0.000262 0.000260 0.000275 0.000351 0.000261 0.000134 0.000146 0.000218 0.000258 0.000973 0.000434 0.000132 
1430 0.022652 0.007174 0.002908 0.001393 0.000925 0.000802 0.002223 0.000895 0.000861 0.001722 0.246440 0.158260 0.176062 0.000972 0.170332 0.000613 0.068243 0.000724 0.005040 0.000523 0.032458 0.032723 0.024811 0.000677 0.024894 0.009319 0.006354 
1073 0.022835 0.011162 0.011654 0.005181 0.002145 0.004826 0.001888 0.011477 0.000846 0.873593 0.002421 0.001072 0.011716 0.001378 0.000740 0.000676 0.001973 0.000614 0.018669 0.000799 0.000876 0.001122 0.003345 0.001094 0.002737 0.004214 0.000945 
181 0.015807 0.004185 0.003199 0.001546 0.000759 0.475261 0.001516 0.001612 0.320186 0.002063 0.000566 0.001384 0.000317 0.000361 0.000305 0.062438 0.003968 0.038448 0.000710 0.028928 0.000248 0.000253 0.002158 0.032804 0.000338 0.000523 0.000116 
144 0.011623 0.644456 0.061200 0.050149 0.024623 0.067933 0.012013 0.005600 0.003705 0.069194 0.005147 0.003476 0.003799 0.003308 0.002840 0.002803 0.003971 0.002959 0.004017 0.002652 0.002856 0.001824 0.001618 0.003028 0.002840 0.001624 0.000741 
9774 0.029188 0.888195 0.006513 0.009343 0.006790 0.001792 0.031541 0.000923 0.000451 0.016916 0.000525 0.000433 0.000413 0.000428 0.000384 0.000349 0.000399 0.000338 0.001020 0.000332 0.000334 0.000235 0.000285 0.000306 0.001819 0.000425 0.000325 
10624 0.012882 0.003785 0.919085 0.004342 0.020027 0.000381 0.010770 0.012394 0.000235 0.012873 0.000296 0.000202 0.000180 0.000181 0.000183 0.000172 0.000179 0.000149 0.000453 0.000154 0.000176 0.000095 0.000087 0.000135 0.000263 0.000278 0.000043 
487 0.048718 0.011044 0.008161 0.004444 0.002365 0.002094 0.004842 0.010954 0.006583 0.006266 0.095124 0.171175 0.014879 0.002264 0.010615 0.003895 0.394991 0.023341 0.007339 0.011681 0.013999 0.011088 0.099372 0.009437 0.010899 0.010845 0.003580 
1821 0.790815 0.013667 0.155251 0.001433 0.005816 0.002574 0.002335 0.001409 0.001100 0.010361 0.001535 0.001191 0.001101 0.001086 0.001033 0.000938 0.000991 0.000742 0.001339 0.000723 0.000703 0.000613 0.000773 0.000359 0.001026 0.000909 0.000175 
1081 0.842866 0.148472 0.002210 0.000952 0.000254 0.000308 0.001862 0.000169 0.000120 0.001407 0.000117 0.000117 0.000103 0.000086 0.000097 0.000088 0.000093 0.000068 0.000133 0.000077 0.000065 0.000064 0.000038 0.000069 0.000072 0.000063 0.000031 
3 0.082552 0.010077 0.151731 0.018006 0.016167 0.021914 0.557863 0.009055 0.004351 0.057874 0.003390 0.003552 0.002743 0.010750 0.002996 0.002605 0.002635 0.004960 0.002685 0.002473 0.002791 0.002477 0.001426 0.002249 0.011145 0.004304 0.007230 
511 0.017340 0.005909 0.004527 0.015382 0.614558 0.000605 0.005735 0.057168 0.000559 0.002714 0.002678 0.000379 0.000552 0.170453 0.000473 0.000335 0.000464 0.000289 0.033894 0.000315 0.031152 0.016969 0.001675 0.000275 0.002483 0.012039 0.001075 
17 0.014779 0.046696 0.562261 0.010593 0.012972 0.011229 0.078306 0.016213 0.003811 0.189057 0.005134 0.003868 0.003260 0.003279 0.003578 0.003151 0.003366 0.003062 0.003684 0.002889 0.003083 0.001807 0.001378 0.003376 0.004678 0.004382 0.000107 
90 0.562784 0.094880 0.100968 0.026187 0.007050 0.024610 0.030864 0.005873 0.005343 0.073250 0.006498 0.004739 0.003783 0.003518 0.005156 0.003495 0.004098 0.003237 0.004158 0.003314 0.003048 0.002531 0.005464 0.003379 0.008975 0.001550 0.001241 
8404 0.699862 0.291122 0.002462 0.000637 0.000320 0.000288 0.002184 0.000240 0.000136 0.001168 0.000150 0.000129 0.000122 0.000097 0.000112 0.000108 0.000111 0.000075 0.000129 0.000087 0.000064 0.000071 0.000055 0.000082 0.000057 0.000081 0.000054 
