310631 0.991173 0.003408 0.002536 0.000200 0.000084 0.000245 0.000629 0.000102 0.000038 0.000878 0.000044 0.000042 0.000038 0.000026 0.000032 0.000030 0.000032 0.000022 0.000060 0.000024 0.000019 0.000018 0.000017 0.000022 0.000033 0.000020 0.000231 
1277 0.780234 0.007442 0.026476 0.004093 0.003510 0.018096 0.090474 0.001675 0.001271 0.033472 0.001244 0.001185 0.001158 0.000925 0.000995 0.001008 0.000972 0.000804 0.002356 0.000786 0.000696 0.000681 0.000653 0.000328 0.001056 0.004851 0.013557 
297482 0.956895 0.032943 0.003069 0.000392 0.000136 0.000580 0.003161 0.000169 0.000064 0.001619 0.000069 0.000065 0.000055 0.000046 0.000053 0.000049 0.000051 0.000039 0.000120 0.000042 0.000036 0.000032 0.000036 0.000037 0.000185 0.000034 0.000021 
36566 0.007177 0.008691 0.004476 0.862149 0.028128 0.000507 0.004585 0.062229 0.000199 0.008303 0.000703 0.000146 0.000111 0.006144 0.000109 0.000103 0.000117 0.000084 0.002955 0.000095 0.001087 0.000349 0.000342 0.000081 0.000366 0.000464 0.000299 
12828 0.019279 0.008555 0.004321 0.004037 0.002666 0.922987 0.002473 0.000866 0.014342 0.003314 0.001588 0.001890 0.002601 0.001739 0.000514 0.000422 0.000409 0.000487 0.000546 0.000422 0.000317 0.001133 0.000585 0.002107 0.001672 0.000418 0.000309 
232 0.024345 0.088721 0.036018 0.043561 0.014905 0.105930 0.013053 0.028658 0.014768 0.443370 0.017998 0.012016 0.024247 0.006921 0.006463 0.006916 0.007432 0.006438 0.025939 0.007868 0.008429 0.007180 0.010433 0.013735 0.009830 0.012693 0.002134 
15846 0.008539 0.003257 0.018116 0.003659 0.790488 0.001946 0.001038 0.073978 0.000400 0.002257 0.001203 0.000285 0.000273 0.060484 0.000358 0.000191 0.000362 0.000194 0.013805 0.001182 0.008629 0.003926 0.000347 0.000162 0.000560 0.004222 0.000138 
10718 0.022108 0.005374 0.003376 0.002336 0.001197 0.012040 0.001858 0.002671 0.429044 0.001606 0.001353 0.002822 0.000566 0.000558 0.000505 0.190755 0.016790 0.138298 0.001359 0.101097 0.000370 0.000358 0.007330 0.054077 0.000684 0.000910 0.000557 
11840 0.022257 0.010528 0.010813 0.001407 0.001486 0.000898 0.939000 0.005530 0.000637 0.001938 0.000351 0.000391 0.000284 0.000460 0.000326 0.000261 0.000259 0.000274 0.000351 0.000260 0.000134 0.000145 0.000217 0.000257 0.000971 0.000433 0.000132 
15295 0.022457 0.007110 0.002880 0.001377 0.000918 0.000793 0.002202 0.000890 0.000853 0.001707 0.246588 0.158217 0.175987 0.000965 0.170611 0.000607 0.067789 0.000717 0.005041 0.000517 0.032677 0.032798 0.024711 0.000670 0.025245 0.009333 0.006338 
2796 0.022723 0.011131 0.011618 0.005174 0.002137 0.004818 0.001882 0.011435 0.000846 0.873647 0.002431 0.001071 0.011679 0.001374 0.000738 0.000674 0.001968 0.000612 0.018923 0.000799 0.000873 0.001124 0.003328 0.001087 0.002739 0.004223 0.000945 
1078 0.015792 0.004187 0.003213 0.001547 0.000761 0.474972 0.001514 0.001612 0.320700 0.002060 0.000565 0.001382 0.000317 0.000360 0.000305 0.062344 0.003964 0.038398 0.000711 0.028888 0.000248 0.000253 0.002157 0.032774 0.000337 0.000522 0.000115 
49 0.011616 0.644458 0.061206 0.050154 0.024625 0.067918 0.012012 0.005601 0.003704 0.069196 0.005147 0.003476 0.003800 0.003308 0.002841 0.002803 0.003971 0.002959 0.004018 0.002652 0.002856 0.001825 0.001618 0.003029 0.002840 0.001624 0.000741 
96144 0.028903 0.889448 0.006437 0.009224 0.006693 0.001766 0.031275 0.000909 0.000444 0.016673 0.000518 0.000427 0.000406 0.000422 0.000378 0.000344 0.000393 0.000333 0.001006 0.000327 0.000329 0.000231 0.000281 0.000301 0.001791 0.000419 0.000320 
79311 0.012819 0.003754 0.919545 0.004329 0.019960 0.000379 0.010723 0.012310 0.000234 0.012743 0.000295 0.000200 0.000178 0.000180 0.000181 0.000170 0.000178 0.000148 0.000454 0.000152 0.000175 0.000094 0.000087 0.000133 0.000260 0.000276 0.000043 
3464 0.047923 0.010889 0.008058 0.004377 0.002338 0.002059 0.004765 0.010922 0.006472 0.006160 0.094421 0.170525 0.014776 0.002240 0.010655 0.003860 0.394565 0.023005 0.007461 0.011795 0.013825 0.010937 0.102864 0.009338 0.011227 0.010995 0.003541 
8303 0.791576 0.013506 0.155212 0.001433 0.005722 0.002532 0.002297 0.001382 0.001084 0.010196 0.001555 0.001169 0.001081 0.001072 0.001014 0.000921 0.000973 0.000728 0.001323 0.000710 0.000703 0.000606 0.000770 0.000352 0.001008 0.000898 0.000171 
1026 0.842839 0.148498 0.002210 0.000952 0.000255 0.000308 0.001862 0.000169 0.000120 0.001407 0.000117 0.000117 0.000103 0.000086 0.000097 0.000088 0.000093 0.000068 0.000133 0.000077 0.000065 0.000064 0.000038 0.000069 0.000072 0.000063 0.000031 
20 0.082543 0.010081 0.151732 0.018007 0.016167 0.021913 0.557860 0.009055 0.004351 0.057872 0.003390 0.003552 0.002743 0.010752 0.002996 0.002605 0.002635 0.004960 0.002685 0.002473 0.002793 0.002477 0.001426 0.002249 0.011145 0.004305 0.007231 
6927 0.017166 0.005862 0.004499 0.015228 0.612092 0.000598 0.005693 0.056843 0.000554 0.002686 0.002725 0.000375 0.000547 0.172412 0.000470 0.000332 0.000459 0.000286 0.034110 0.000311 0.031652 0.017307 0.001693 0.000272 0.002471 0.012287 0.001067 
10 0.014769 0.046700 0.562265 0.010594 0.012973 0.011229 0.078307 0.016213 0.003809 0.189058 0.005134 0.003868 0.003260 0.003279 0.003578 0.003151 0.003366 0.003060 0.003685 0.002889 0.003083 0.001807 0.001378 0.003376 0.004678 0.004382 0.000107 
586 0.562994 0.094734 0.100890 0.026250 0.007055 0.024783 0.030758 0.005859 0.005375 0.073062 0.006515 0.004738 0.003773 0.003507 0.005146 0.003522 0.004099 0.003265 0.004156 0.003322 0.003042 0.002528 0.005500 0.003377 0.008959 0.001547 0.001237 
32103 0.699837 0.291275 0.002431 0.000628 0.000315 0.000283 0.002153 0.000237 0.000134 0.001148 0.000148 0.000127 0.000120 0.000096 0.000110 0.000107 0.000109 0.000073 0.000127 0.000085 0.000063 0.000070 0.000054 0.000080 0.000056 0.000080 0.000053 
