11030 0.025396 0.002954 0.002702 0.001587 0.000745 0.000702 0.001456 0.000783 0.233909 0.044465 0.177378 0.187721 0.164080 0.002137 0.100012 0.049092 0.002843 0.002037 
13529 0.019576 0.002144 0.003811 0.002464 0.000477 0.443415 0.004901 0.295394 0.000775 0.001012 0.003387 0.000429 0.000253 0.099525 0.010135 0.002156 0.062067 0.048078 
246881 0.980907 0.016242 0.001403 0.000090 0.000027 0.000163 0.000751 0.000012 0.000017 0.000010 0.000026 0.000013 0.000012 0.000012 0.000013 0.000291 0.000004 0.000007 
29380 0.477039 0.516485 0.002876 0.000746 0.000809 0.000286 0.000797 0.000066 0.000085 0.000039 0.000140 0.000114 0.000068 0.000080 0.000111 0.000211 0.000010 0.000035 
796 0.738955 0.108181 0.080757 0.018001 0.004567 0.007721 0.025488 0.001750 0.001671 0.001023 0.003056 0.001460 0.001176 0.001062 0.001431 0.002700 0.000453 0.000536 
38128 0.591691 0.025577 0.322270 0.009897 0.003824 0.006121 0.024466 0.000827 0.001765 0.000544 0.004529 0.001288 0.001172 0.001127 0.001433 0.002760 0.000137 0.000563 
36188 0.020469 0.007286 0.941377 0.005855 0.001798 0.000197 0.020531 0.000063 0.000081 0.000046 0.000104 0.000078 0.000061 0.000065 0.000081 0.001859 0.000013 0.000036 
82593 0.708609 0.269095 0.003011 0.012171 0.003466 0.000174 0.001891 0.000046 0.000091 0.000778 0.000105 0.000085 0.000057 0.000051 0.000077 0.000258 0.000010 0.000024 
44003 0.006612 0.010900 0.006274 0.666794 0.186795 0.000197 0.061447 0.000164 0.004024 0.041506 0.002182 0.002023 0.001508 0.000082 0.000972 0.008391 0.000059 0.000070 
9767 0.084341 0.871031 0.010188 0.001137 0.030460 0.000241 0.001010 0.000076 0.000085 0.000551 0.000129 0.000111 0.000083 0.000084 0.000107 0.000309 0.000014 0.000043 
71349 0.926505 0.067800 0.002327 0.000260 0.000099 0.001571 0.000925 0.000032 0.000036 0.000017 0.000074 0.000036 0.000026 0.000029 0.000037 0.000209 0.000005 0.000014 
31308 0.033124 0.944028 0.004958 0.006151 0.006612 0.001524 0.002366 0.000076 0.000090 0.000116 0.000118 0.000098 0.000073 0.000073 0.000092 0.000453 0.000015 0.000033 
24 0.723748 0.090228 0.074090 0.044848 0.013827 0.012201 0.008009 0.006742 0.003950 0.003808 0.003232 0.003063 0.002621 0.002515 0.002193 0.001986 0.001645 0.001293 
