1261463 0.0254286564391294 0.00295527355698519 0.00270374990542631 0.00158782293140356 0.000746328967081001 0.000702709622268305 0.00145807389881404 0.000784517023997134 0.233898247904306 0.0445049439626691 0.177403214177853 0.187627565407981 0.164006316803908 0.00214203359346538 0.100037070784458 0.0491213771770002 0.0028489887723541 0.00204310897088438
1503349 0.019575652686301 0.00214000605468619 0.0038130994487645 0.00246551122515811 0.000475480665457109 0.444337258120577 0.00490478827847482 0.294991691310828 0.000775130748108803 0.00101210155108709 0.00339088165345787 0.000428840233986307 0.000252567527971729 0.0993379776009274 0.0101279063687963 0.00215655898349212 0.0619028337368468 0.0479117137050675
57008370 0.980902665436375 0.0162431043240907 0.00140699077277712 9.00775891515088e-05 2.75231207456289e-05 0.000163273879055264 0.000749395108067457 1.2230577478293e-05 1.65614407119311e-05 9.69829051837529e-06 2.62992224423075e-05 1.33401708368733e-05 1.15191049738478e-05 1.15958795656917e-05 1.2830786231907e-05 0.000291907075219467 3.54464604008695e-06 7.44247571862931e-06
1344375 0.476990370872381 0.516522023729058 0.00288112945142607 0.000745481228308975 0.000812212211487118 0.00028679312395743 0.000798330586146552 6.57155586417289e-05 8.48446057000899e-05 3.83131791235635e-05 0.000140516537011992 0.00011395884321374 6.76332392142826e-05 8.05594180733573e-05 0.000111837528880922 0.000214792649012686 9.53471147097273e-06 3.59524268905493e-05
86957 0.735788489019454 0.110224365430273 0.0817834157251681 0.018247834564535 0.00461537854482153 0.00777521743860613 0.0252191799787662 0.00177002247329084 0.00164535307717265 0.00102959721401463 0.00302246317509019 0.00147547825609544 0.00118335173277407 0.00106957639746279 0.00145431327146406 0.00268454049346755 0.000461492002258917 0.000549931105274909
94698 0.820512039617507 0.0346507146926746 0.0709970233207973 0.0128879366792149 0.0049967901719515 0.00847803635052157 0.0255625137723153 0.00112371102214893 0.00243581783666887 0.00073887430126132 0.00629750398949462 0.00177604189999866 0.00161734156378457 0.00155820161751114 0.00198759868620158 0.00340497025155446 0.000181391678299601 0.000793492448077618
5853273 0.017740657276016 0.00631866733976059 0.944962187801421 0.00587535505867496 0.00180403327067856 0.000197283530362029 0.0206067675612565 6.33065648454694e-05 8.06369492810271e-05 4.54965690635182e-05 0.000104529521825803 7.78662318460508e-05 6.07973647341322e-05 6.51794633401074e-05 8.08127201653761e-05 0.00186734569813032 1.30417371777372e-05 3.60352414194113e-05
1816041 0.721004707675387 0.273748151748278 0.00302178888222327 0.000456967712781097 0.000179132012413669 0.000174554448676298 0.000792751718321083 4.47342690735959e-05 5.52107817746338e-05 2.81523340826396e-05 8.95939007326725e-05 7.39570445339488e-05 4.76161370717774e-05 5.08456245572513e-05 7.07733880590873e-05 0.000126487494405296 9.9415936805594e-06 2.46331339466886e-05
3974750 0.00658896187645214 0.0107470398493142 0.00627214766103808 0.66692594432053 0.186818072039352 0.000196346885436614 0.0614588560006691 0.000163709060717843 0.00402476205936165 0.0415148421397048 0.00218251034607616 0.00202267841276132 0.00150847796176506 8.19043774246357e-05 0.000971528548461968 0.00839350761124905 5.87354884998826e-05 6.99752611821859e-05
2307684 0.0835398819370857 0.871800612732186 0.0101926119478419 0.00113558275553809 0.0304893258167888 0.000239395569154694 0.00100997320436806 7.56176204887094e-05 8.4997998870184e-05 0.000551516753085601 0.000128751550053869 0.000110993517045718 8.2276024407579e-05 8.37258560814529e-05 0.000106571678761227 0.000310676845941937 1.39626677010894e-05 4.35254245983252e-05
12323540 0.929202594664811 0.065119496521402 0.0023281271724033 0.000252786359051295 8.50720993094606e-05 0.00157528398559095 0.000922576705943459 3.18710040072492e-05 3.6027367979203e-05 1.66255318830912e-05 7.35588016697242e-05 3.59041552829135e-05 2.59803526081379e-05 2.9009184463535e-05 3.67318797991569e-05 0.000209026677561195 4.81992396405189e-06 1.4507512269857e-05
2813327 0.0331110432771595 0.945330186113901 0.00495832157585538 0.00615514119316319 0.0066207763959234 0.000229145126123018 0.00236471330472789 7.09818105316113e-05 8.99416590682212e-05 0.000115426386841427 0.000117330951495404 9.76394603558353e-05 7.25960100916611e-05 7.27252718611018e-05 9.21660613883243e-05 0.000454895214823981 1.45485954837955e-05 3.24214912040343e-05
443543 0.0622482347140342 0.0045063941624117 0.00555263251077065 0.00480795233586129 0.000648840535388873 0.906319062278589 0.00378392522192585 0.00857951262611845 0.000357885217467104 0.000193747732800554 0.000688484753906389 0.000319038015118381 0.000259229160238922 0.000489948259317717 0.000353848819230232 0.000332085873148204 0.00011712339182481 0.000442054291842625
790718 0.624956297011133 0.361654620443847 0.0099639963286129 0.000952979266467677 0.000409615531691 0.000319706187397877 0.00066728494954141 8.18446725575118e-05 9.76718539389528e-05 4.59825582098676e-05 0.000172256390033911 0.000133638938950828 9.16773965413148e-05 9.53301538883659e-05 0.000129204778777672 0.000173722517826159 1.37512729611016e-05 4.04196476223444e-05
