7143 0.025434 0.002960 0.002704 0.001588 0.000746 0.000703 0.001460 0.000784 0.233833 0.044495 0.177429 0.187606 0.164060 0.002139 0.100029 0.049144 0.002849 0.002038 
4682 0.019594 0.002147 0.003814 0.002467 0.000477 0.443870 0.004906 0.295184 0.000775 0.001013 0.003389 0.000429 0.000253 0.099431 0.010130 0.002158 0.061989 0.047973 
98132 0.980910 0.016235 0.001406 0.000090 0.000028 0.000163 0.000750 0.000012 0.000017 0.000010 0.000026 0.000013 0.000012 0.000012 0.000013 0.000292 0.000004 0.000007 
3555 0.476999 0.516504 0.002884 0.000748 0.000813 0.000288 0.000798 0.000067 0.000086 0.000039 0.000141 0.000114 0.000068 0.000081 0.000111 0.000212 0.000010 0.000035 
81 0.735676 0.110225 0.081752 0.018277 0.004635 0.007784 0.025280 0.001783 0.001656 0.001041 0.003021 0.001481 0.001189 0.001072 0.001450 0.002666 0.000462 0.000537 
5790 0.823295 0.034355 0.069614 0.012619 0.004884 0.008318 0.025466 0.001108 0.002394 0.000736 0.006130 0.001735 0.001580 0.001518 0.001930 0.003367 0.000185 0.000757 
25954 0.017736 0.006312 0.944972 0.005866 0.001802 0.000197 0.020621 0.000063 0.000081 0.000046 0.000105 0.000078 0.000061 0.000065 0.000081 0.001866 0.000013 0.000036 
1677 0.720994 0.273749 0.003025 0.000460 0.000180 0.000176 0.000793 0.000046 0.000056 0.000029 0.000090 0.000074 0.000048 0.000051 0.000071 0.000125 0.000010 0.000024 
21266 0.006593 0.010730 0.006259 0.666863 0.186876 0.000197 0.061487 0.000164 0.004019 0.041534 0.002178 0.002018 0.001505 0.000082 0.000970 0.008397 0.000059 0.000070 
12720 0.083453 0.871938 0.010178 0.001135 0.030456 0.000240 0.001010 0.000076 0.000085 0.000550 0.000129 0.000111 0.000082 0.000084 0.000106 0.000309 0.000014 0.000043 
96993 0.929280 0.065054 0.002321 0.000253 0.000085 0.001570 0.000924 0.000032 0.000036 0.000017 0.000073 0.000036 0.000026 0.000029 0.000037 0.000209 0.000005 0.000014 
22292 0.033085 0.945382 0.004949 0.006138 0.006627 0.000229 0.002362 0.000071 0.000090 0.000116 0.000117 0.000098 0.000073 0.000073 0.000092 0.000452 0.000015 0.000032 
3133 0.062231 0.004525 0.005555 0.004807 0.000652 0.906335 0.003788 0.008558 0.000360 0.000196 0.000688 0.000320 0.000260 0.000488 0.000353 0.000330 0.000118 0.000435 
