7046 0.025437 0.002957 0.002704 0.001588 0.000746 0.000703 0.001456 0.000784 0.233928 0.044491 0.177410 0.187584 0.163999 0.002139 0.100074 0.049105 0.002851 0.002042 
6154 0.019589 0.002144 0.003812 0.002465 0.000476 0.443655 0.004908 0.295200 0.000775 0.001012 0.003388 0.000429 0.000253 0.099490 0.010138 0.002157 0.062084 0.048023 
207846 0.980925 0.016222 0.001405 0.000090 0.000028 0.000164 0.000750 0.000012 0.000017 0.000010 0.000026 0.000013 0.000012 0.000012 0.000013 0.000291 0.000004 0.000007 
11800 0.477036 0.516480 0.002879 0.000746 0.000811 0.000287 0.000799 0.000066 0.000085 0.000039 0.000140 0.000114 0.000068 0.000080 0.000111 0.000213 0.000010 0.000035 
526 0.735727 0.110249 0.081758 0.018273 0.004631 0.007785 0.025236 0.001780 0.001654 0.001040 0.003018 0.001479 0.001187 0.001071 0.001449 0.002654 0.000462 0.000537 
3916 0.822056 0.034143 0.069895 0.012700 0.004925 0.009212 0.025445 0.001127 0.002418 0.000742 0.006187 0.001749 0.001591 0.001541 0.001951 0.003359 0.000186 0.000764 
38614 0.017723 0.006302 0.944999 0.005860 0.001800 0.000197 0.020626 0.000063 0.000081 0.000046 0.000104 0.000078 0.000061 0.000065 0.000081 0.001864 0.000013 0.000036 
5669 0.721001 0.273744 0.003023 0.000459 0.000180 0.000176 0.000794 0.000045 0.000056 0.000029 0.000090 0.000074 0.000048 0.000051 0.000070 0.000125 0.000010 0.000024 
32592 0.006587 0.010718 0.006251 0.666810 0.186936 0.000196 0.061512 0.000164 0.004016 0.041543 0.002176 0.002016 0.001503 0.000082 0.000968 0.008393 0.000059 0.000070 
1471 0.083550 0.871762 0.010194 0.001137 0.030513 0.000240 0.001010 0.000076 0.000085 0.000551 0.000129 0.000111 0.000083 0.000084 0.000107 0.000309 0.000014 0.000043 
173414 0.929312 0.065033 0.002315 0.000252 0.000085 0.001567 0.000925 0.000032 0.000036 0.000017 0.000073 0.000036 0.000026 0.000029 0.000037 0.000208 0.000005 0.000014 
41660 0.033015 0.945496 0.004944 0.006119 0.006612 0.000229 0.002362 0.000071 0.000090 0.000115 0.000117 0.000097 0.000072 0.000072 0.000092 0.000450 0.000015 0.000032 
7343 0.062154 0.004502 0.005530 0.004784 0.000649 0.906540 0.003773 0.008529 0.000358 0.000195 0.000686 0.000318 0.000259 0.000487 0.000352 0.000330 0.000117 0.000434 
