8977 0.025422 0.002957 0.002702 0.001587 0.000746 0.000702 0.001458 0.000784 0.233967 0.044500 0.177388 0.187588 0.164003 0.002137 0.100015 0.049154 0.002848 0.002039 
7220 0.019579 0.002145 0.003811 0.002464 0.000476 0.443484 0.004904 0.295371 0.000775 0.001013 0.003386 0.000429 0.000253 0.099491 0.010129 0.002156 0.062088 0.048044 
209775 0.980918 0.016229 0.001406 0.000090 0.000028 0.000163 0.000750 0.000012 0.000017 0.000010 0.000026 0.000013 0.000012 0.000012 0.000013 0.000291 0.000004 0.000007 
12007 0.477102 0.516418 0.002878 0.000747 0.000810 0.000287 0.000797 0.000066 0.000085 0.000039 0.000140 0.000114 0.000068 0.000080 0.000111 0.000212 0.000010 0.000035 
1774 0.737630 0.109437 0.081223 0.018173 0.004595 0.007724 0.025002 0.001766 0.001641 0.001032 0.002996 0.001467 0.001177 0.001063 0.001437 0.002638 0.000458 0.000532 
2405 0.820633 0.034447 0.070490 0.012812 0.004960 0.008411 0.026343 0.001124 0.002430 0.000747 0.006248 0.001761 0.001607 0.001542 0.001967 0.003502 0.000192 0.000774 
50930 0.017717 0.006297 0.945021 0.005855 0.001799 0.000197 0.020625 0.000063 0.000081 0.000046 0.000104 0.000078 0.000061 0.000065 0.000081 0.001863 0.000013 0.000036 
6248 0.721029 0.273719 0.003022 0.000459 0.000180 0.000175 0.000793 0.000045 0.000056 0.000029 0.000090 0.000074 0.000048 0.000051 0.000070 0.000125 0.000010 0.000024 
43198 0.006578 0.010709 0.006244 0.666883 0.186899 0.000196 0.061504 0.000164 0.004013 0.041549 0.002174 0.002013 0.001502 0.000082 0.000967 0.008396 0.000059 0.000070 
2180 0.083542 0.871759 0.010192 0.001138 0.030526 0.000240 0.001011 0.000076 0.000085 0.000551 0.000129 0.000111 0.000083 0.000084 0.000107 0.000309 0.000014 0.000043 
179168 0.929362 0.064986 0.002314 0.000252 0.000085 0.001566 0.000924 0.000032 0.000036 0.000017 0.000073 0.000036 0.000026 0.000029 0.000037 0.000208 0.000005 0.000014 
58635 0.032980 0.945589 0.004916 0.006104 0.006605 0.000228 0.002357 0.000071 0.000090 0.000115 0.000117 0.000097 0.000072 0.000072 0.000091 0.000450 0.000015 0.000032 
5027 0.062104 0.004518 0.005551 0.004798 0.000651 0.906504 0.003788 0.008541 0.000359 0.000196 0.000687 0.000319 0.000260 0.000488 0.000352 0.000330 0.000117 0.000435 
