17995 0.025371 0.002948 0.002693 0.001583 0.000744 0.000700 0.001452 0.000781 0.234075 0.044483 0.177335 0.187616 0.164123 0.002131 0.099935 0.049156 0.002841 0.002033 
12706 0.019550 0.002142 0.003805 0.002461 0.000476 0.442912 0.004893 0.295665 0.000774 0.001010 0.003384 0.000428 0.000252 0.099618 0.010137 0.002154 0.062215 0.048123 
342970 0.980935 0.016216 0.001405 0.000090 0.000028 0.000163 0.000748 0.000012 0.000017 0.000010 0.000026 0.000013 0.000012 0.000012 0.000013 0.000291 0.000004 0.000007 
22732 0.477025 0.516514 0.002868 0.000745 0.000810 0.000286 0.000793 0.000066 0.000085 0.000039 0.000140 0.000113 0.000068 0.000080 0.000111 0.000211 0.000010 0.000035 
7 0.735723 0.110242 0.081777 0.018289 0.004637 0.007789 0.025184 0.001783 0.001657 0.001041 0.003021 0.001481 0.001189 0.001072 0.001450 0.002657 0.000462 0.000537 
2155 0.821511 0.034369 0.070573 0.012844 0.004967 0.008560 0.025334 0.001130 0.002455 0.000741 0.006260 0.001759 0.001601 0.001548 0.001957 0.003409 0.000205 0.000768 
75203 0.017700 0.006285 0.945171 0.005845 0.001796 0.000197 0.020518 0.000063 0.000080 0.000045 0.000104 0.000078 0.000061 0.000065 0.000081 0.001862 0.000013 0.000036 
10740 0.721047 0.273707 0.003019 0.000459 0.000180 0.000175 0.000790 0.000045 0.000056 0.000029 0.000090 0.000074 0.000048 0.000051 0.000070 0.000125 0.000010 0.000024 
66220 0.006567 0.010686 0.006228 0.667219 0.187045 0.000196 0.061145 0.000164 0.004006 0.041510 0.002167 0.002008 0.001498 0.000082 0.000965 0.008385 0.000058 0.000069 
1940 0.083545 0.871771 0.010193 0.001138 0.030509 0.000240 0.001010 0.000076 0.000086 0.000551 0.000129 0.000111 0.000083 0.000084 0.000107 0.000309 0.000014 0.000043 
293706 0.929497 0.064878 0.002305 0.000251 0.000084 0.001561 0.000914 0.000032 0.000036 0.000017 0.000073 0.000036 0.000026 0.000029 0.000036 0.000207 0.000005 0.000014 
86338 0.032911 0.945742 0.004895 0.006081 0.006593 0.000227 0.002334 0.000071 0.000089 0.000114 0.000116 0.000097 0.000072 0.000072 0.000091 0.000448 0.000015 0.000032 
11663 0.061801 0.004487 0.005512 0.004771 0.000647 0.907006 0.003749 0.008502 0.000357 0.000194 0.000682 0.000317 0.000258 0.000486 0.000350 0.000329 0.000117 0.000433 
157 0.723740 0.090300 0.074046 0.044843 0.013837 0.012225 0.007950 0.006743 0.003959 0.003805 0.003233 0.003063 0.002625 0.002515 0.002191 0.001987 0.001648 0.001293 
