9252 0.025413 0.002958 0.002703 0.001587 0.000746 0.000702 0.001455 0.000784 0.233900 0.044522 0.177402 0.187642 0.164063 0.002139 0.100000 0.049096 0.002846 0.002039 
7598 0.019576 0.002144 0.003811 0.002465 0.000477 0.443536 0.004904 0.295467 0.000775 0.001012 0.003389 0.000429 0.000253 0.099447 0.010129 0.002157 0.062026 0.048005 
276383 0.980912 0.016236 0.001404 0.000090 0.000028 0.000163 0.000750 0.000012 0.000017 0.000010 0.000026 0.000013 0.000012 0.000012 0.000013 0.000291 0.000004 0.000007 
7551 0.476985 0.516523 0.002882 0.000748 0.000812 0.000288 0.000798 0.000067 0.000085 0.000039 0.000140 0.000114 0.000068 0.000081 0.000111 0.000212 0.000010 0.000035 
1091 0.820480 0.034649 0.070868 0.012929 0.004996 0.008500 0.025657 0.001147 0.002444 0.000750 0.006278 0.001773 0.001614 0.001561 0.001986 0.003392 0.000188 0.000778 
42763 0.017722 0.006301 0.945021 0.005858 0.001799 0.000197 0.020610 0.000063 0.000081 0.000046 0.000104 0.000078 0.000061 0.000065 0.000081 0.001863 0.000013 0.000036 
18386 0.721058 0.273699 0.003016 0.000459 0.000180 0.000175 0.000793 0.000045 0.000056 0.000029 0.000089 0.000074 0.000048 0.000051 0.000070 0.000125 0.000010 0.000024 
36854 0.006583 0.010711 0.006249 0.666944 0.186858 0.000196 0.061479 0.000164 0.004013 0.041537 0.002175 0.002015 0.001503 0.000082 0.000968 0.008396 0.000059 0.000070 
1110 0.083555 0.871769 0.010194 0.001138 0.030499 0.000240 0.001010 0.000076 0.000086 0.000551 0.000129 0.000111 0.000083 0.000084 0.000107 0.000309 0.000014 0.000043 
34282 0.929208 0.065117 0.002326 0.000253 0.000085 0.001574 0.000923 0.000032 0.000036 0.000017 0.000074 0.000036 0.000026 0.000029 0.000037 0.000209 0.000005 0.000014 
49157 0.033050 0.945506 0.004923 0.006114 0.006601 0.000228 0.002354 0.000071 0.000090 0.000115 0.000117 0.000097 0.000072 0.000072 0.000092 0.000450 0.000015 0.000032 
6295 0.062032 0.004510 0.005540 0.004792 0.000650 0.906606 0.003790 0.008538 0.000358 0.000195 0.000685 0.000319 0.000259 0.000487 0.000352 0.000331 0.000117 0.000435 
18 0.723812 0.090191 0.074053 0.044825 0.013825 0.012225 0.008007 0.006752 0.003950 0.003810 0.003233 0.003061 0.002621 0.002516 0.002193 0.001988 0.001646 0.001292 
