1821 0.025477 0.002960 0.002707 0.001590 0.000747 0.000704 0.001459 0.000785 0.233905 0.044505 0.177401 0.187592 0.163990 0.002141 0.100025 0.049120 0.002848 0.002042 
1413 0.019620 0.002145 0.003816 0.002467 0.000477 0.444164 0.004905 0.295026 0.000776 0.001013 0.003391 0.000429 0.000253 0.099365 0.010126 0.002156 0.061948 0.047921 
94136 0.980913 0.016234 0.001406 0.000090 0.000028 0.000163 0.000749 0.000012 0.000017 0.000010 0.000026 0.000013 0.000012 0.000012 0.000013 0.000292 0.000004 0.000007 
1605 0.477015 0.516490 0.002884 0.000748 0.000813 0.000288 0.000798 0.000066 0.000085 0.000039 0.000141 0.000114 0.000068 0.000081 0.000111 0.000213 0.000010 0.000035 
17 0.735854 0.110179 0.081752 0.018264 0.004630 0.007788 0.025191 0.001780 0.001654 0.001039 0.003019 0.001479 0.001187 0.001071 0.001449 0.002656 0.000462 0.000536 
7277 0.825463 0.033579 0.068689 0.012486 0.004853 0.008226 0.025440 0.001097 0.002364 0.000729 0.006084 0.001721 0.001566 0.001507 0.001916 0.003332 0.000183 0.000756 
11142 0.017747 0.006316 0.944961 0.005871 0.001803 0.000198 0.020610 0.000063 0.000081 0.000046 0.000105 0.000078 0.000061 0.000065 0.000081 0.001865 0.000013 0.000036 
1329 0.721012 0.273734 0.003024 0.000459 0.000180 0.000176 0.000792 0.000045 0.000056 0.000029 0.000090 0.000074 0.000048 0.000051 0.000070 0.000125 0.000010 0.000024 
8047 0.006604 0.010741 0.006268 0.666901 0.186828 0.000197 0.061476 0.000164 0.004024 0.041514 0.002181 0.002021 0.001507 0.000082 0.000971 0.008392 0.000059 0.000070 
1323 0.083558 0.871764 0.010193 0.001137 0.030504 0.000240 0.001011 0.000076 0.000085 0.000551 0.000129 0.000111 0.000083 0.000084 0.000107 0.000309 0.000014 0.000043 
48440 0.929238 0.065088 0.002325 0.000253 0.000085 0.001575 0.000923 0.000032 0.000036 0.000017 0.000073 0.000036 0.000026 0.000029 0.000037 0.000208 0.000005 0.000014 
8586 0.033111 0.945343 0.004956 0.006148 0.006618 0.000230 0.002364 0.000071 0.000090 0.000116 0.000117 0.000098 0.000073 0.000073 0.000092 0.000453 0.000015 0.000032 
2489 0.062320 0.004518 0.005554 0.004804 0.000651 0.906259 0.003786 0.008557 0.000360 0.000196 0.000689 0.000320 0.000260 0.000488 0.000353 0.000330 0.000118 0.000435 
