7336 0.025438 0.002958 0.002704 0.001587 0.000746 0.000702 0.001459 0.000784 0.234020 0.044490 0.177361 0.187640 0.164007 0.002139 0.100005 0.049074 0.002848 0.002037 
7109 0.019584 0.002143 0.003812 0.002465 0.000476 0.443622 0.004904 0.295261 0.000775 0.001012 0.003389 0.000429 0.000253 0.099474 0.010129 0.002156 0.062075 0.048041 
307126 0.980914 0.016233 0.001406 0.000090 0.000028 0.000163 0.000750 0.000012 0.000017 0.000010 0.000026 0.000013 0.000012 0.000012 0.000013 0.000291 0.000004 0.000007 
12022 0.476973 0.516544 0.002879 0.000746 0.000812 0.000287 0.000799 0.000066 0.000085 0.000039 0.000140 0.000114 0.000068 0.000080 0.000111 0.000212 0.000010 0.000035 
4003 0.738712 0.109751 0.080461 0.017906 0.004537 0.007622 0.024972 0.001744 0.001625 0.001019 0.002957 0.001449 0.001163 0.001050 0.001419 0.002626 0.000452 0.000526 
6150 0.822448 0.034029 0.070088 0.012564 0.004865 0.008270 0.026312 0.001110 0.002403 0.000736 0.006132 0.001725 0.001570 0.001510 0.001929 0.003363 0.000183 0.000753 
57753 0.017710 0.006306 0.945026 0.005854 0.001799 0.000197 0.020622 0.000063 0.000081 0.000046 0.000104 0.000078 0.000061 0.000065 0.000081 0.001860 0.000013 0.000036 
21123 0.721012 0.273753 0.003014 0.000457 0.000179 0.000175 0.000791 0.000045 0.000055 0.000029 0.000089 0.000074 0.000048 0.000051 0.000070 0.000124 0.000010 0.000024 
39554 0.006583 0.010708 0.006247 0.666940 0.186834 0.000196 0.061503 0.000163 0.004019 0.041548 0.002175 0.002014 0.001502 0.000082 0.000968 0.008390 0.000059 0.000070 
192 0.083566 0.871764 0.010196 0.001138 0.030492 0.000240 0.001011 0.000076 0.000085 0.000551 0.000129 0.000111 0.000083 0.000084 0.000107 0.000309 0.000014 0.000043 
174458 0.929311 0.065037 0.002314 0.000252 0.000085 0.001566 0.000924 0.000032 0.000036 0.000017 0.000073 0.000036 0.000026 0.000029 0.000037 0.000208 0.000005 0.000014 
44617 0.033032 0.945485 0.004947 0.006117 0.006607 0.000228 0.002361 0.000071 0.000090 0.000115 0.000117 0.000097 0.000072 0.000072 0.000092 0.000450 0.000015 0.000032 
4928 0.062145 0.004511 0.005546 0.004796 0.000650 0.906480 0.003785 0.008544 0.000359 0.000196 0.000686 0.000319 0.000259 0.000487 0.000352 0.000330 0.000118 0.000434 
12 0.724139 0.090078 0.074057 0.044755 0.013801 0.012189 0.008006 0.006730 0.003942 0.003803 0.003223 0.003052 0.002611 0.002511 0.002187 0.001982 0.001644 0.001291 
