2875 0.025462 0.002963 0.002708 0.001591 0.000747 0.000704 0.001458 0.000785 0.233911 0.044491 0.177421 0.187605 0.163997 0.002141 0.100020 0.049106 0.002849 0.002042 
2898 0.019605 0.002147 0.003816 0.002467 0.000477 0.443996 0.004905 0.295074 0.000776 0.001012 0.003389 0.000429 0.000253 0.099420 0.010133 0.002156 0.061970 0.047972 
109633 0.980910 0.016236 0.001406 0.000090 0.000028 0.000163 0.000750 0.000012 0.000017 0.000010 0.000026 0.000013 0.000012 0.000012 0.000013 0.000292 0.000004 0.000007 
6096 0.477011 0.516497 0.002883 0.000748 0.000812 0.000287 0.000799 0.000066 0.000085 0.000039 0.000140 0.000114 0.000068 0.000081 0.000111 0.000212 0.000010 0.000035 
92 0.735750 0.110206 0.081793 0.018276 0.004631 0.007780 0.025224 0.001780 0.001653 0.001040 0.003018 0.001478 0.001186 0.001072 0.001448 0.002655 0.000462 0.000537 
1195 0.821111 0.034556 0.070656 0.012858 0.004985 0.008456 0.025556 0.001129 0.002431 0.000746 0.006275 0.001770 0.001611 0.001559 0.001970 0.003361 0.000188 0.000773 
25707 0.017733 0.006308 0.944981 0.005865 0.001801 0.000197 0.020621 0.000063 0.000081 0.000046 0.000105 0.000078 0.000061 0.000065 0.000081 0.001864 0.000013 0.000036 
3214 0.721025 0.273721 0.003025 0.000459 0.000180 0.000175 0.000792 0.000045 0.000056 0.000029 0.000090 0.000074 0.000048 0.000051 0.000070 0.000125 0.000010 0.000024 
19563 0.006593 0.010730 0.006261 0.666952 0.186796 0.000196 0.061482 0.000164 0.004021 0.041533 0.002179 0.002019 0.001506 0.000082 0.000970 0.008389 0.000059 0.000070 
260 0.083564 0.871768 0.010196 0.001138 0.030490 0.000240 0.001010 0.000076 0.000085 0.000551 0.000129 0.000111 0.000083 0.000084 0.000107 0.000309 0.000014 0.000043 
98465 0.929291 0.065045 0.002321 0.000253 0.000085 0.001570 0.000923 0.000032 0.000036 0.000017 0.000073 0.000036 0.000026 0.000029 0.000037 0.000208 0.000005 0.000014 
25228 0.033063 0.945436 0.004942 0.006134 0.006609 0.000229 0.002360 0.000071 0.000090 0.000115 0.000117 0.000097 0.000073 0.000073 0.000092 0.000452 0.000015 0.000032 
2511 0.062262 0.004527 0.005561 0.004807 0.000652 0.906291 0.003788 0.008560 0.000359 0.000196 0.000690 0.000320 0.000260 0.000488 0.000354 0.000330 0.000118 0.000435 
