11897 0.025400 0.002954 0.002701 0.001586 0.000745 0.000701 0.001456 0.000783 0.233966 0.044479 0.177409 0.187675 0.164031 0.002135 0.099997 0.049092 0.002849 0.002039 
10304 0.019562 0.002142 0.003808 0.002463 0.000476 0.443136 0.004906 0.295455 0.000774 0.001011 0.003388 0.000428 0.000253 0.099606 0.010136 0.002156 0.062180 0.048119 
543232 0.980917 0.016234 0.001401 0.000090 0.000027 0.000163 0.000752 0.000012 0.000017 0.000010 0.000026 0.000013 0.000011 0.000012 0.000013 0.000291 0.000004 0.000007 
12697 0.476909 0.516612 0.002877 0.000746 0.000810 0.000287 0.000797 0.000066 0.000085 0.000039 0.000140 0.000114 0.000068 0.000080 0.000111 0.000212 0.000010 0.000035 
15 0.735727 0.110241 0.081787 0.018286 0.004634 0.007784 0.025183 0.001782 0.001655 0.001046 0.003020 0.001480 0.001187 0.001072 0.001449 0.002656 0.000462 0.000537 
1898 0.820232 0.034564 0.070857 0.012855 0.004976 0.008543 0.026209 0.001129 0.002422 0.000743 0.006250 0.001762 0.001604 0.001548 0.001961 0.003375 0.000192 0.000769 
79474 0.017691 0.006283 0.945073 0.005843 0.001796 0.000197 0.020631 0.000063 0.000080 0.000045 0.000104 0.000078 0.000061 0.000065 0.000080 0.001861 0.000013 0.000036 
64761 0.721303 0.273490 0.002992 0.000453 0.000178 0.000173 0.000798 0.000045 0.000055 0.000028 0.000088 0.000073 0.000047 0.000050 0.000069 0.000123 0.000010 0.000024 
61907 0.006567 0.010685 0.006231 0.667004 0.186800 0.000196 0.061558 0.000164 0.004007 0.041546 0.002170 0.002010 0.001499 0.000082 0.000966 0.008387 0.000059 0.000070 
1027 0.083556 0.871761 0.010195 0.001138 0.030506 0.000240 0.001011 0.000076 0.000085 0.000552 0.000129 0.000111 0.000083 0.000084 0.000107 0.000309 0.000014 0.000043 
7552 0.929196 0.065126 0.002328 0.000253 0.000085 0.001575 0.000923 0.000032 0.000036 0.000017 0.000074 0.000036 0.000026 0.000029 0.000037 0.000209 0.000005 0.000014 
79885 0.032934 0.945690 0.004900 0.006087 0.006591 0.000227 0.002354 0.000071 0.000090 0.000114 0.000116 0.000097 0.000072 0.000072 0.000091 0.000448 0.000015 0.000032 
8262 0.061963 0.004500 0.005535 0.004786 0.000649 0.906706 0.003807 0.008514 0.000358 0.000195 0.000687 0.000318 0.000259 0.000487 0.000352 0.000329 0.000118 0.000434 
1 0.624963 0.361624 0.009974 0.000960 0.000412 0.000322 0.000668 0.000083 0.000099 0.000047 0.000173 0.000134 0.000092 0.000095 0.000128 0.000171 0.000015 0.000039 
