3573 0.025448 0.002964 0.002707 0.001591 0.000748 0.000705 0.001460 0.000785 0.233885 0.044504 0.177416 0.187578 0.164021 0.002141 0.100031 0.049128 0.002847 0.002040 
3884 0.019596 0.002148 0.003815 0.002466 0.000477 0.444126 0.004904 0.295080 0.000775 0.001013 0.003389 0.000429 0.000253 0.099379 0.010127 0.002156 0.061937 0.047928 
57478 0.980909 0.016237 0.001407 0.000090 0.000028 0.000163 0.000749 0.000012 0.000017 0.000010 0.000026 0.000013 0.000012 0.000012 0.000013 0.000292 0.000004 0.000007 
1495 0.476988 0.516510 0.002886 0.000749 0.000814 0.000289 0.000799 0.000067 0.000086 0.000039 0.000141 0.000114 0.000068 0.000081 0.000111 0.000213 0.000010 0.000035 
1671 0.820861 0.034563 0.070592 0.012852 0.004988 0.008512 0.025787 0.001138 0.002429 0.000752 0.006249 0.001770 0.001611 0.001550 0.001969 0.003398 0.000193 0.000777 
12922 0.017735 0.006316 0.944961 0.005871 0.001803 0.000198 0.020619 0.000064 0.000081 0.000046 0.000105 0.000078 0.000061 0.000065 0.000081 0.001868 0.000013 0.000036 
32 0.721000 0.273739 0.003026 0.000460 0.000181 0.000176 0.000793 0.000046 0.000056 0.000029 0.000090 0.000074 0.000048 0.000051 0.000071 0.000125 0.000010 0.000024 
12803 0.006598 0.010738 0.006265 0.666817 0.186907 0.000197 0.061480 0.000164 0.004020 0.041531 0.002180 0.002020 0.001507 0.000082 0.000970 0.008395 0.000059 0.000070 
10976 0.083414 0.871962 0.010178 0.001136 0.030469 0.000240 0.001011 0.000076 0.000085 0.000550 0.000129 0.000111 0.000082 0.000084 0.000106 0.000309 0.000014 0.000043 
39778 0.929251 0.065075 0.002326 0.000253 0.000085 0.001574 0.000923 0.000032 0.000036 0.000017 0.000074 0.000036 0.000026 0.000029 0.000037 0.000208 0.000005 0.000014 
10075 0.033108 0.945341 0.004955 0.006148 0.006622 0.000230 0.002365 0.000072 0.000090 0.000116 0.000117 0.000098 0.000073 0.000073 0.000092 0.000453 0.000015 0.000032 
2997 0.062256 0.004528 0.005557 0.004807 0.000654 0.906288 0.003787 0.008568 0.000360 0.000196 0.000688 0.000320 0.000260 0.000489 0.000353 0.000332 0.000120 0.000437 
